0.5 0.899498 0.0196509
0.6 0.702459 0.017184
0.7 0.456999 0.0140315
0.7999999999999999 0.289405 0.0107826
0.8999999999999999 0.199162 0.00914563
0.9999999999999999 0.150076 0.00646977
1.0999999999999999 0.112986 0.00472874
1.2 0.0917392 0.00407733
1.3 0.0752312 0.00324614
1.4000000000000001 0.060827 0.00274633
1.5000000000000002 0.0513464 0.00258038
1.6000000000000003 0.0451408 0.00211378
1.7000000000000004 0.0399472 0.00218689
1.8000000000000005 0.0355146 0.00198563
1.9000000000000006 0.0316324 0.0018678
2.0000000000000004 0.0281398 0.00178707
