0.5 0.351619 0.0133553
0.6 0.409568 0.00765594
0.7 0.431025 0.00545418
0.7999999999999999 0.437707 0.00483245
0.8999999999999999 0.434286 0.00312411
0.9999999999999999 0.417848 0.00212948
1.0999999999999999 0.397364 0.00167567
1.2 0.372708 0.00177288
1.3 0.342445 0.00154789
1.4000000000000001 0.316414 0.00106997
1.5000000000000002 0.294553 0.000908829
1.6000000000000003 0.271514 0.00101418
1.7000000000000004 0.2502 0.00112684
1.8000000000000005 0.230268 0.00119613
1.9000000000000006 0.213459 0.000961045
2.0000000000000004 0.197827 0.00077205
