0.5 78.4212 1.03605
0.6 43.8939 0.899485
0.7 24.4413 0.441285
0.7999999999999999 15.4786 0.19283
0.8999999999999999 10.3529 0.127094
0.9999999999999999 7.47541 0.0582341
1.0999999999999999 5.60818 0.0470695
1.2 4.42061 0.0351674
1.3 3.55719 0.0272189
1.4000000000000001 2.93438 0.0193029
1.5000000000000002 2.52818 0.0195056
1.6000000000000003 2.18609 0.010798
1.7000000000000004 1.88443 0.0100262
1.8000000000000005 1.67875 0.0107728
1.9000000000000006 1.50705 0.00829282
2.0000000000000004 1.35121 0.00724681
