           1   0.0481077   0.0481077           0
           2   0.0488102   0.0484589 0.000248361
           3   0.0489835   0.0486338 0.000218629
           4   0.0486705    0.048643 0.000164165
           5   0.0493161   0.0487776 0.000178178
           6   0.0483315   0.0487032 0.000163261
           7   0.0486313    0.048693 0.000140261
           8   0.0489569   0.0487259 0.000126549
           9   0.0510874   0.0489883  0.00027175
          10   0.0502365   0.0491131 0.000271732
          11   0.0493027   0.0491304 0.000247575
          12    0.050037   0.0492059 0.000238193
          13    0.049565   0.0492336 0.000221467
          14   0.0499132   0.0492821 0.000210902
          15   0.0506468   0.0493731 0.000215574
          16   0.0478411   0.0492773 0.000222351
          17   0.0488532   0.0492524 0.000210667
          18   0.0471445   0.0491353 0.000229212
          19   0.0485229    0.049103 0.000219403
          20   0.0495368   0.0491247 0.000209501
          21   0.0494619   0.0491408 0.000200139
          22    0.048997   0.0491342 0.000191149
          23   0.0481599   0.0490919 0.000187473
          24   0.0501793   0.0491372 0.000185056
          25   0.0463209   0.0490245 0.000209149
          26   0.0481701   0.0489917  0.00020367
          27   0.0512048   0.0490736  0.00021198
          28   0.0507207   0.0491325 0.000212414
          29   0.0483648    0.049106 0.000206732
          30   0.0493172    0.049113 0.000199961
          31   0.0505657   0.0491599 0.000198926
          32   0.0495379   0.0491717 0.000193059
          33   0.0503713   0.0492081 0.000190601
          34   0.0498046   0.0492256 0.000185801
          35    0.050293   0.0492561 0.000182978
          36    0.046086   0.0491681 0.000197954
          37   0.0475874   0.0491253 0.000197159
          38   0.0514501   0.0491865 0.000201239
          39   0.0472686   0.0491373 0.000201998
          40   0.0512415   0.0491899 0.000203683
          41   0.0481785   0.0491653 0.000200203
          42   0.0492613   0.0491676 0.000195449
          43   0.0475246   0.0491293 0.000194603
          44   0.0484772   0.0491145 0.000190744
          45    0.048316   0.0490968 0.000187329
          46   0.0470487   0.0490523 0.000188473
          47   0.0494001   0.0490597 0.000184608
          48   0.0490297    0.049059 0.000180763
          49   0.0500952   0.0490802 0.000178307
          50   0.0466892   0.0490324 0.000181039
          51   0.0494132   0.0490398 0.000177643
          52    0.048187   0.0490234 0.000174982
          53   0.0491682   0.0490262 0.000171702
          54    0.049857   0.0490415  0.00016921
          55   0.0478639   0.0490201 0.000167483
          56   0.0499472   0.0490367 0.000165308
          57   0.0479133    0.049017 0.000163579
          58   0.0496729   0.0490283 0.000161149
          59   0.0502995   0.0490498 0.000159851
          60   0.0476887   0.0490271 0.000158789
          61   0.0508939   0.0490577 0.000159107
          62   0.0495124   0.0490651  0.00015671
          63   0.0505646   0.0490889  0.00015602
          64    0.048171   0.0490745  0.00015424
          65   0.0496528   0.0490834 0.000152123
          66   0.0506758   0.0491076  0.00015172
          67    0.048163   0.0490935 0.000150109
          68   0.0489837   0.0490919  0.00014791
          69   0.0492132   0.0490936 0.000145777
          70   0.0489777    0.049092 0.000143704
          71   0.0486608   0.0490859 0.000141808
          72   0.0491046   0.0490861 0.000139839
          73   0.0497833   0.0490957 0.000138249
          74   0.0485949   0.0490889 0.000136546
          75   0.0495872   0.0490956 0.000134887
          76   0.0501045   0.0491088 0.000133764
          77   0.0474157   0.0490869 0.000133822
          78   0.0500924   0.0490998 0.000132725
          79   0.0505494   0.0491181 0.000132308
          80   0.0482688   0.0491075 0.000131079
          81   0.0474143   0.0490866 0.000131117
          82   0.0506059   0.0491051  0.00013082
          83   0.0494489   0.0491093  0.00012931
          84   0.0494419   0.0491132 0.000127831
          85   0.0474805    0.049094 0.000127762
          86   0.0493243   0.0490967 0.000126305
          87   0.0493505   0.0490996 0.000124887
          88   0.0484884   0.0490927  0.00012366
          89   0.0469912    0.049069 0.000124505
          90   0.0490734   0.0490691 0.000123121
          91    0.051038   0.0490907 0.000123655
          92   0.0483083   0.0490822 0.000122603
          93   0.0497935   0.0490899 0.000121523
          94   0.0492424   0.0490915 0.000120241
          95   0.0505064   0.0491064 0.000119894
          96   0.0483629   0.0490986 0.000118895
          97   0.0477349   0.0490846 0.000118498
          98   0.0497597   0.0490915 0.000117489
          99   0.0485912   0.0490864  0.00011641
         100   0.0477185   0.0490727 0.000116047
