           1   -0.429559   -0.429559           0
           2   -0.414168   -0.421864  0.00544154
           3   -0.411774   -0.418501  0.00454983
           4   -0.412918   -0.417105  0.00362009
           5   -0.412489   -0.416182  0.00301148
           6   -0.421015   -0.416987  0.00261507
           7   -0.435932   -0.419694  0.00336193
           8    -0.39675   -0.416826  0.00398133
           9   -0.418524   -0.417014  0.00354342
          10   -0.394624   -0.414775  0.00383176
          11   -0.413395    -0.41465  0.00348548
          12   -0.396879   -0.413169   0.0034955
          13    -0.39437   -0.411723  0.00351303
          14   -0.397298   -0.410693  0.00340985
          15   -0.418533   -0.411215  0.00322233
          16   -0.395828   -0.410254  0.00316119
          17    -0.40941   -0.410204  0.00297562
          18   -0.411262   -0.410263  0.00281089
          19   -0.405497   -0.410012  0.00267412
          20   -0.421377    -0.41058  0.00260009
          21   -0.419553   -0.411007  0.00251114
          22   -0.411871   -0.411047  0.00239731
          23   -0.414591   -0.411201  0.00229802
          24   -0.404119   -0.410906  0.00222114
          25   -0.414035   -0.411031  0.00213581
          26   -0.420154   -0.411382  0.00208229
          27   -0.406675   -0.411207  0.00201246
          28   -0.390473   -0.410467  0.00207236
          29   -0.399834     -0.4101  0.00203307
          30   -0.414437   -0.410245  0.00197043
          31   -0.413772   -0.410359  0.00191015
          32    -0.40743   -0.410267  0.00185265
          33   -0.406989   -0.410168  0.00179917
          34   -0.413843   -0.410276   0.0017495
          35   -0.410422    -0.41028  0.00169952
          36   -0.426151   -0.410721  0.00170853
          37   -0.422762   -0.411046  0.00169307
          38   -0.422957    -0.41136  0.00167728
          39   -0.419854   -0.411578  0.00164835
          40   -0.420869    -0.41181  0.00162342
          41   -0.407797   -0.411712  0.00158678
          42   -0.417276   -0.411844  0.00155452
          43   -0.421534    -0.41207  0.00153461
          44   -0.419789   -0.412245  0.00150973
          45   -0.420748   -0.412434  0.00148796
          46   -0.439975   -0.413033  0.00157145
          47   -0.415282   -0.413081  0.00153874
          48   -0.417104   -0.413165  0.00150897
          49   -0.429375   -0.413495    0.001514
          50   -0.426251   -0.413751  0.00150506
          51   -0.388873   -0.413263  0.00155259
          52   -0.403703   -0.413079  0.00153358
          53    -0.41139   -0.413047  0.00150498
          54   -0.416869   -0.413118  0.00147877
          55   -0.423063   -0.413299   0.0014629
          56   -0.425104   -0.413509  0.00145188
          57   -0.395511   -0.413194  0.00146034
          58    -0.39956   -0.412959  0.00145396
          59   -0.392227   -0.412607  0.00147116
          60   -0.414405   -0.412637  0.00144695
          61   -0.424694   -0.412835  0.00143666
          62   -0.411223   -0.412809  0.00141373
          63   -0.394462   -0.412518  0.00142097
          64   -0.415041   -0.412557  0.00139931
          65   -0.417119   -0.412627  0.00137954
          66   -0.405679   -0.412522  0.00136265
          67    -0.41661   -0.412583  0.00134368
          68   -0.408917   -0.412529    0.001325
          69   -0.403541   -0.412399  0.00131218
          70   -0.414077   -0.412423  0.00129366
          71   -0.402977    -0.41229  0.00128226
          72   -0.403628   -0.412169  0.00127008
          73   -0.412115   -0.412169  0.00125268
          74    -0.42464   -0.412337  0.00124704
          75     -0.4224   -0.412471  0.00123761
          76   -0.420195   -0.412573  0.00122549
          77   -0.433801   -0.412849   0.0012402
          78   -0.415359   -0.412881  0.00122471
          79   -0.400195    -0.41272  0.00121969
          80   -0.403402   -0.412604     0.00121
          81   -0.422275   -0.412723  0.00120093
          82   -0.434579    -0.41299   0.0012155
          83   -0.411116   -0.412967  0.00120107
          84   -0.415273   -0.412995  0.00118708
          85   -0.403606   -0.412884  0.00117825
          86   -0.400401   -0.412739  0.00117345
          87   -0.425503   -0.412886   0.0011691
          88   -0.416708   -0.412929  0.00115662
          89   -0.439378   -0.413226  0.00118118
          90   -0.417321   -0.413272  0.00116894
          91   -0.412646   -0.413265  0.00115611
          92   -0.425386   -0.413397  0.00115103
          93   -0.411774   -0.413379  0.00113878
          94   -0.405916     -0.4133  0.00112943
          95   -0.391276   -0.413068  0.00114109
          96   -0.422116   -0.413162  0.00113309
          97   -0.419623   -0.413229  0.00112336
          98   -0.415827   -0.413255  0.00111221
          99   -0.418825   -0.413312   0.0011024
         100   -0.412478   -0.413303  0.00109141
