           0           0           0
    0.064633           0           0
    0.129266           0           0
    0.193899           0           0
    0.258532           0           0
    0.323165           0           0
    0.387798           0           0
    0.452431           0           0
    0.517064           0           0
    0.581697           0           0
     0.64633           0           0
    0.710963           0           0
    0.775596           0           0
     0.84023 0.000359209 0.000114221
    0.904863   0.0727616  0.00183999
    0.969496    0.532642  0.00532893
     1.03413     1.02581  0.00792571
     1.09876     1.12986  0.00835201
     1.16339     1.03006  0.00831362
     1.22803    0.914947  0.00654398
     1.29266    0.803129  0.00554133
     1.35729     0.72827  0.00457856
     1.42193    0.670804  0.00416314
     1.48656    0.625916  0.00386919
     1.55119    0.587499  0.00364361
     1.61583    0.570638  0.00312223
     1.68046    0.550335  0.00337269
     1.74509    0.547355  0.00292682
     1.80973    0.538554  0.00295087
     1.87436    0.532966  0.00268832
     1.93899    0.532251  0.00257197
     2.00362    0.528549  0.00264529
     2.06826    0.528498  0.00232478
     2.13289    0.526841  0.00224331
     2.19752    0.522266  0.00243257
     2.26216    0.519069  0.00228455
     2.32679    0.512984  0.00228016
     2.39142    0.513717  0.00202719
     2.45606    0.513171  0.00184814
     2.52069     0.50894  0.00147256
     2.58532    0.506515  0.00194598
     2.64995    0.507808  0.00176457
     2.71459    0.506001  0.00167102
     2.77922    0.503864  0.00158718
     2.84385    0.501601  0.00168484
     2.90849    0.499162  0.00152397
     2.97312    0.499586  0.00172456
     3.03775    0.499506  0.00165806
     3.10239    0.502041  0.00140336
     3.16702    0.496333  0.00154051
     3.23165    0.497778  0.00135292
     3.29629    0.497006  0.00151129
     3.36092    0.497185  0.00140251
     3.42555    0.498856  0.00123105
     3.49018    0.496482  0.00127938
     3.55482    0.497578  0.00124861
     3.61945    0.494019  0.00112054
     3.68408    0.497279  0.00132498
     3.74872    0.497346  0.00126069
     3.81335    0.494034  0.00123563
     3.87798    0.496022  0.00112535
     3.94262    0.493316  0.00115179
     4.00725    0.495387  0.00107191
     4.07188    0.494186  0.00113831
     4.13651    0.493241  0.00108184
     4.20115    0.493849  0.00123324
     4.26578     0.49493  0.00110179
     4.33041    0.493326  0.00110589
     4.39505    0.494991 0.000898657
     4.45968    0.493611  0.00101966
     4.52431      0.4938  0.00112141
     4.58895    0.492722  0.00111753
     4.65358    0.494556 0.000937591
     4.71821    0.495113   0.0010116
     4.78285    0.493163  0.00102775
     4.84748    0.493543 0.000988172
     4.91211    0.492868 0.000908456
     4.97674    0.493764 0.000966901
     5.04138    0.492586  0.00096951
     5.10601    0.493444 0.000906876
     5.17064    0.493494  0.00093912
     5.23528    0.493822 0.000913777
     5.29991    0.495042 0.000861647
     5.36454    0.494161 0.000898094
     5.42918    0.493076 0.000886585
     5.49381    0.493731 0.000824139
     5.55844    0.491899 0.000823702
     5.62307    0.492594 0.000788889
     5.68771    0.492953 0.000832495
     5.75234    0.492391 0.000725813
     5.81697     0.49407 0.000781848
     5.88161    0.492072 0.000773679
     5.94624    0.493938 0.000825063
     6.01087     0.49179 0.000811785
     6.07551     0.49185 0.000773596
     6.14014    0.491794 0.000762583
     6.20477    0.492878 0.000715839
      6.2694    0.493625 0.000764457
     6.33404    0.490404 0.000704743
     6.39867    0.494262 0.000716554
