1.8
1.80001
1.80003
1.80005
1.80008
1.80011
1.80015
1.8002
1.80026
1.80032
1.80039
1.80046
1.80055
1.80064
1.80073
1.80084
1.80095
1.80107
1.8012
1.80134
1.80149
1.80164
1.8018
1.80198
1.80216
1.80235
1.80255
1.80276
1.80299
1.80322
1.80346
1.80372
1.80398
1.80426
1.80455
1.80485
1.80517
1.8055
1.80584
1.8062
1.80657
1.80696
1.80737
1.80779
1.80823
1.80868
1.80916
1.80965
1.81017
1.8107
1.81126
1.81184
1.81244
1.81307
1.81373
1.81441
1.81512
1.81585
1.81662
1.81742
1.81825
1.81911
1.82002
1.82095
1.82193
1.82295
1.824
1.82511
1.82625
1.82745
1.82869
1.82998
1.83133
1.83273
1.83419
1.83571
1.83729
1.83894
1.84065
1.84243
1.84429
1.84622
1.84822
1.85031
1.85248
1.85474
1.85708
1.85951
1.86204
1.86466
1.86737
1.87019
1.8731
1.87611
1.87921
1.8824
1.88567
1.88902
1.89243
1.89589
1.89938
1.90286
1.90632
1.90971
1.91299
1.91613
1.91907
1.92177
1.92421
1.92637
1.92824
1.92983
1.93114
1.93214
1.9328
1.933
1.93258
1.93134
1.92911
1.92578
1.92145
1.91646
1.91146
1.90732
1.90502
1.90532
1.9085
1.91433
1.92209
1.9308
1.93946
1.94722
1.95359
1.95844
1.96202
1.96471
1.96677
1.96818
1.96863
1.96773
1.96526
1.96136
1.95653
1.95153
1.94716
1.9441
1.94277
1.94337
1.94593
1.95032
1.95629
1.96349
1.9715
1.97992
1.98839
1.9966
2.00425
2.01106
2.01681
2.02133
2.02453
2.02639
2.02695
2.0263
2.02458
2.02197
2.01869
2.01497
2.01105
2.00717
2.00348
2.00013
1.99725
1.99505
1.9938
1.99382
1.99534
1.99836
2.00257
2.00744
2.01234
2.01672
2.02021
2.02264
2.02398
2.02436
2.02393
2.02292
2.02157
2.02013
2.01883
2.01789
2.01749
2.01773
2.01866
2.02026
2.02243
2.02503
2.02787
2.03079
2.0336
2.03618
2.03843
2.04028
2.04168
2.04264
2.04315
2.04322
2.04283
2.04199
2.04065
2.03877
2.03629
2.03322
2.0296
2.02561
2.02156
2.01786
2.01499
2.01336
2.01317
2.0144
2.01673
2.01967
2.02264
2.02509
2.02655
2.02677
2.02577
2.02397
2.02216
2.02131
2.02225
2.0253
2.03011
2.03582
2.04141
2.04603
2.04916
2.05059
2.05038
2.04881
2.0464
2.04386
2.04197
2.04136
2.04233
2.04465
2.04769
2.05062
2.05268
2.05337
2.05251
2.0503
2.04722
2.04398
2.04128
2.03967
2.03939
2.04035
2.04231
2.04494
2.04798
2.05121
2.05444
2.05749
2.06022
2.06254
2.0644
2.06584
2.06695
2.06784
2.0686
2.06931
2.06996
2.07047
2.07072
2.07051
2.06966
2.06801
2.06549
2.06216
2.0582
2.05396
2.04994
2.04666
2.04464
2.04423
2.0455
2.04827
2.05214
2.05662
2.06126
2.06572
2.0698
2.07341
2.07655
2.07926
2.08162
2.08369
2.08554
2.08723
2.08882
2.09036
2.09187
2.09337
2.09484
2.09624
2.0975
2.09849
2.09906
2.099
2.09812
2.09623
2.09321
2.0891
2.08416
2.0789
2.074
2.07016
2.06796
2.06774
2.06962
2.07353
2.07914
2.0859
2.093
2.09957
2.10481
2.10814
2.10918
2.10774
2.10378
2.09735
2.0887
2.07827
2.06675
2.05507
2.0443
2.03547
2.02955
2.02721
2.02873
2.03381
2.04159
2.0509
2.06063
2.0699
2.0782
2.08525
2.09094
2.09531
2.09844
2.10043
2.10142
2.10156
2.10099
2.09985
2.09831
2.09652
2.09463
2.09283
2.09126
2.09005
2.08929
2.08903
2.08924
2.08988
2.09084
2.09204
2.09337
2.09477
2.09618
2.09757
2.09891
2.10021
2.10147
2.1027
2.10389
2.10505
2.10618
2.10726
2.10828
2.10919
2.10995
2.11047
2.11065
2.11034
2.10932
2.10731
2.10392
2.09872
2.09123
2.08114
2.06866
2.05495
2.04241
2.0342
2.03265
2.03777
2.04723
2.05789
2.06734
2.07432
2.07855
2.08021
2.07965
2.07733
2.07377
2.06967
2.06584
2.06314
2.06227
2.06356
2.06682
2.07149
2.07682
2.08209
2.08675
2.09049
2.09315
2.09474
2.09529
2.09487
2.09352
2.09121
2.08783
2.08319
2.07701
2.06908
2.05939
2.04842
2.03733
2.02803
2.02267
2.02285
2.02865
2.03859
2.0503
2.06156
2.07091
2.0777
2.08187
2.08365
2.0834
2.08151
2.07835
2.07434
2.06995
2.06574
2.0623
2.06017
2.05966
2.06076
2.06314
2.0663
2.0697
2.07289
2.0756
2.07768
2.07909
2.07985
2.07997
2.07946
2.0783
2.07644
2.07383
2.07037
2.06601
2.06071
2.05455
2.04772
2.04061
2.03382
2.02797
2.02361
2.02097
2.01987
2.01981
2.02014
2.02031
2.01998
2.01907
2.01771
2.01618
2.01476
2.01371
2.01314
2.01305
2.01341
2.01417
2.01543
2.01734
2.02008
2.02375
2.0282
2.03313
2.03809
2.04261
2.04634
2.04903
2.05057
2.05093
2.05017
2.04838
2.04568
2.04223
2.03827
2.0341
2.03007
2.02655
2.02387
2.02224
2.02167
2.02203
2.02303
2.02436
2.02573
2.02692
2.02781
2.02834
2.02849
2.02831
2.02782
2.0271
2.02618
2.02512
2.02396
2.02272
2.02143
2.02011
2.01877
2.01743
2.01611
2.01487
2.01377
2.0129
2.01235
2.01217
2.01239
2.01297
2.0138
2.01476
2.01572
2.01656
2.01723
2.01776
2.01821
2.01866
2.01921
2.01987
2.0206
2.02129
2.02177
2.02185
2.02135
2.02015
2.01823
2.01569
2.01272
2.00965
2.00687
2.00472
2.00344
2.00312
2.00365
2.00481
2.00637
2.00819
2.0102
2.01246
2.01507
2.01811
2.02157
2.02538
2.02934
2.03324
2.03686
2.04004
2.04269
2.0448
2.04644
2.04771
2.04873
2.0496
2.05042
2.05121
2.05195
2.0526
2.05306
2.05324
2.05304
2.05234
2.05101
2.04883
2.04547
2.04047
2.03326
2.02349
2.01158
1.99937
1.99027
1.98793
1.99377
2.00584
2.0202
2.03331
2.04327
2.04958
2.05255
2.0528
2.05105
2.04805
2.04456
2.04128
2.03865
2.0368
2.03551
2.03439
2.03315
2.0318
2.03079
2.03075
2.03225
2.03548
2.0402
2.04587
2.05186
2.05768
2.06298
2.06762
2.07155
2.07484
2.0776
2.07992
2.08191
2.08367
2.08523
2.08666
2.08795
2.08913
2.09018
2.09111
2.09189
2.09252
2.09299
2.0933
2.09343
2.0934
2.09319
2.09284
2.09235
2.09175
2.09106
2.0903
2.08947
2.08854
2.08743
2.08603
2.08418
2.08168
2.07832
2.07387
2.06814
2.06105
2.05279
2.04401
2.03607
2.03093
2.03058
2.03602
2.04654
2.06003
2.07403
2.08667
2.09697
2.10468
2.10999
2.11323
2.11476
2.11487
2.1138
2.11175
2.10884
2.10523
2.10103
2.09644
2.09167
2.087
2.08272
2.0791
2.07629
2.07424
2.07271
2.0713
2.06967
2.0677
2.06577
2.06472
2.06563
2.06931
2.0758
2.08434
2.09371
2.10277
2.11072
2.1172
2.12215
2.12568
2.12796
2.12913
2.12931
2.12856
2.12689
2.12429
2.12074
2.11619
2.11067
2.10427
2.0972
2.08985
2.0828
2.07675
2.0724
2.07025
2.07045
2.07275
2.07665
2.08155
2.08692
2.09241
2.09775
2.10278
2.10727
2.11097
2.11351
2.11445
2.11331
2.1097
2.10358
2.09566
2.08766
2.08215
2.08145
2.08632
2.09546
2.10641
2.11693
2.12571
2.13239
2.13716
2.14042
2.1426
2.14404
2.14501
2.14565
2.1461
2.1464
2.14661
2.14676
2.14689
2.14705
2.14729
2.14768
2.14829
2.14918
2.15036
2.15181
2.15344
2.15503
2.15622
2.15648
2.15506
2.15107
2.1437
2.13279
2.11976
2.10821
2.10298
2.10705
2.11907
2.13447
2.14866
2.1591
2.16511
2.16693
2.16496
2.15927
2.14951
2.13511
2.11611
2.0947
2.07639
2.06836
2.07425
2.09073
2.11063
2.12841
2.14194
2.15149
2.15816
2.16303
2.16694
2.17046
2.17394
2.17753
2.18125
2.18499
2.18856
2.1917
2.19413
2.19561
2.19587
2.19472
2.19201
2.18774
2.18205
2.17537
2.16837
2.16193
2.15695
2.1541
2.15369
2.15554
2.15915
2.16375
2.16849
2.17249
2.17488
2.17486
2.17173
2.16509
2.15521
2.14356
2.13301
2.12707
2.12796
2.13514
2.14577
2.15663
2.16562
2.17202
2.176
2.17811
2.17899
2.17911
2.17884
2.17831
2.17753
2.17637
2.17463
2.17217
2.16895
2.16518
2.16125
2.15765
2.15478
2.15275
2.15136
2.15016
2.14871
2.14679
2.1445
2.14233
2.14092
2.14081
2.14217
2.14464
2.1475
2.14994
2.15139
2.15156
2.1505
2.14846
2.14584
2.14307
2.14055
2.13857
2.13728
2.13664
2.1364
2.13622
2.13565
2.13429
2.13183
2.12815
2.12334
2.11774
2.11192
2.10658
2.10244
2.10007
2.09975
2.1014
2.10451
2.10827
2.11177
2.11425
2.11524
2.11465
2.11265
2.10964
2.10614
2.10265
2.09964
2.09747
2.09638
2.09647
2.0977
2.09984
2.10253
2.10537
2.10799
2.11016
2.11181
2.11295
2.11367
2.11411
2.11439
2.11461
2.11482
2.11506
2.11533
2.11563
2.11592
2.11619
2.11643
2.1166
2.11672
2.11676
2.11672
2.1166
2.1164
2.11609
2.11568
2.11514
2.11445
2.11358
2.11251
2.1112
2.10964
2.10782
2.10579
2.1036
2.1014
2.09936
2.09769
2.09658
2.09615
2.09639
2.0972
2.09835
2.0996
2.10076
2.10166
2.10229
2.10267
2.1029
2.10312
2.10343
2.10394
2.10468
2.10567
2.10686
2.10819
2.10957
2.1109
2.11207
2.11298
2.11351
2.11359
2.11313
2.11208
2.11041
2.10813
2.10526
2.10187
2.09805
2.09397
2.08982
2.08595
2.08282
2.08097
2.08093
2.08294
2.08684
2.09208
2.09786
2.10329
2.10755
2.10988
2.10957
2.10592
2.09828
2.08631
2.07052
2.05287
2.03686
2.0262
2.0227
