-0.0318404
-0.0318501
-0.0318662
-0.0318888
-0.031918
-0.0319537
-0.031996
-0.032045
-0.0321008
-0.0321633
-0.0322328
-0.0323092
-0.0323927
-0.0324858
-0.0325886
-0.0327085
-0.0328362
-0.0329839
-0.0331327
-0.0332972
-0.033463
-0.03364
-0.0338402
-0.0340425
-0.0342614
-0.0344709
-0.0346878
-0.034917
-0.0351661
-0.0354281
-0.0356987
-0.0359783
-0.0362623
-0.0365629
-0.0368758
-0.0372086
-0.0375498
-0.0378997
-0.0382637
-0.0386326
-0.0390117
-0.0394159
-0.0398409
-0.0402731
-0.0407203
-0.0411809
-0.0416768
-0.0421827
-0.0427208
-0.0432658
-0.0438256
-0.0444176
-0.0450309
-0.0456759
-0.0463301
-0.0470228
-0.0477481
-0.0484953
-0.0492704
-0.0500816
-0.0509184
-0.0517753
-0.0526867
-0.0536307
-0.0546227
-0.0556573
-0.0567219
-0.0578349
-0.0589934
-0.0601968
-0.0614446
-0.0627413
-0.064096
-0.0655133
-0.0669788
-0.0685186
-0.0700994
-0.0717639
-0.0734885
-0.0752781
-0.0771424
-0.079077
-0.0810893
-0.0831913
-0.0853692
-0.0876327
-0.0899844
-0.0924196
-0.0949501
-0.0975872
-0.100311
-0.103146
-0.106073
-0.109082
-0.112202
-0.115403
-0.118683
-0.122037
-0.125451
-0.128911
-0.132401
-0.135886
-0.139344
-0.142728
-0.146
-0.14912
-0.152035
-0.154731
-0.157148
-0.159274
-0.161118
-0.162677
-0.163953
-0.164925
-0.165545
-0.165697
-0.165208
-0.163878
-0.161538
-0.158105
-0.153692
-0.148678
-0.143709
-0.139722
-0.137646
-0.138224
-0.141698
-0.147769
-0.155681
-0.164441
-0.173058
-0.180698
-0.186904
-0.19161
-0.195083
-0.197697
-0.199687
-0.20102
-0.201345
-0.200302
-0.197678
-0.193654
-0.188776
-0.183811
-0.179555
-0.176655
-0.175515
-0.176317
-0.179059
-0.183615
-0.189721
-0.19702
-0.205088
-0.213531
-0.221992
-0.230162
-0.237735
-0.244452
-0.250092
-0.254481
-0.257541
-0.259268
-0.259697
-0.258932
-0.257112
-0.254425
-0.251097
-0.247342
-0.243425
-0.239563
-0.235908
-0.232598
-0.229776
-0.227652
-0.226511
-0.226673
-0.228347
-0.231498
-0.235801
-0.240703
-0.245583
-0.249887
-0.253275
-0.255599
-0.25684
-0.257119
-0.256615
-0.255564
-0.254201
-0.252766
-0.251494
-0.250608
-0.25027
-0.250585
-0.251589
-0.253254
-0.255478
-0.258105
-0.260966
-0.26387
-0.266658
-0.269215
-0.271429
-0.273224
-0.274588
-0.275499
-0.275966
-0.275987
-0.275567
-0.274679
-0.273291
-0.271358
-0.268818
-0.265681
-0.262014
-0.257997
-0.253948
-0.250309
-0.247549
-0.246055
-0.246013
-0.247364
-0.249785
-0.252756
-0.255702
-0.258077
-0.259418
-0.259508
-0.258412
-0.256573
-0.25481
-0.254108
-0.255259
-0.258516
-0.263455
-0.269193
-0.274724
-0.279225
-0.28219
-0.28345
-0.283089
-0.281412
-0.278954
-0.27645
-0.274658
-0.274195
-0.275318
-0.277743
-0.28081
-0.283691
-0.28563
-0.286154
-0.285143
-0.282823
-0.279711
-0.276489
-0.273878
-0.272394
-0.272234
-0.273305
-0.275343
-0.278028
-0.281092
-0.284328
-0.28754
-0.290561
-0.293244
-0.295521
-0.297337
-0.298745
-0.299832
-0.3007
-0.301456
-0.302157
-0.3028
-0.303293
-0.3035
-0.30324
-0.302315
-0.300581
-0.297977
-0.294568
-0.290557
-0.286321
-0.282343
-0.279182
-0.277308
-0.27706
-0.278499
-0.281394
-0.285338
-0.28986
-0.294501
-0.298931
-0.302963
-0.306524
-0.309612
-0.312288
-0.314616
-0.31666
-0.31849
-0.320171
-0.321758
-0.323287
-0.324802
-0.32629
-0.327758
-0.32915
-0.330376
-0.331334
-0.331852
-0.33172
-0.330749
-0.328744
-0.325611
-0.321404
-0.316403
-0.311148
-0.306317
-0.302632
-0.300617
-0.300604
-0.302688
-0.30678
-0.312532
-0.319364
-0.32646
-0.332931
-0.338008
-0.341117
-0.341903
-0.340213
-0.33599
-0.32933
-0.320496
-0.309933
-0.298356
-0.286731
-0.276092
-0.267526
-0.261926
-0.25998
-0.261873
-0.267269
-0.275254
-0.284657
-0.294367
-0.303564
-0.311737
-0.318662
-0.324229
-0.32846
-0.331456
-0.333339
-0.334238
-0.334291
-0.33366
-0.332474
-0.330896
-0.329085
-0.327192
-0.325406
-0.323868
-0.322704
-0.321999
-0.321777
-0.322041
-0.322715
-0.323702
-0.324912
-0.32626
-0.327668
-0.32907
-0.330452
-0.331774
-0.333078
-0.334336
-0.335564
-0.336749
-0.337915
-0.339042
-0.340121
-0.341122
-0.342021
-0.342753
-0.343247
-0.34338
-0.343015
-0.341918
-0.339781
-0.336241
-0.330816
-0.323084
-0.312736
-0.300059
-0.286338
-0.274099
-0.266476
-0.265642
-0.271322
-0.281051
-0.291682
-0.300903
-0.307614
-0.311573
-0.312994
-0.312229
-0.309762
-0.306124
-0.302007
-0.298247
-0.295708
-0.295059
-0.296549
-0.299983
-0.304763
-0.310116
-0.315343
-0.319925
-0.323559
-0.326115
-0.327598
-0.328057
-0.327542
-0.326094
-0.323688
-0.32019
-0.315403
-0.30906
-0.300952
-0.291109
-0.280051
-0.269047
-0.260031
-0.25518
-0.255945
-0.26225
-0.272483
-0.284239
-0.29537
-0.304484
-0.311007
-0.314924
-0.316491
-0.31607
-0.314024
-0.310765
-0.306687
-0.30229
-0.298123
-0.294792
-0.292818
-0.292471
-0.293711
-0.296194
-0.299399
-0.302792
-0.305944
-0.30859
-0.310614
-0.311963
-0.312655
-0.312707
-0.312136
-0.310904
-0.308985
-0.306285
-0.302736
-0.298273
-0.292886
-0.286653
-0.279781
-0.27268
-0.265955
-0.260223
-0.25603
-0.253567
-0.252609
-0.252619
-0.252958
-0.253083
-0.252692
-0.251729
-0.250339
-0.248807
-0.247412
-0.246404
-0.245902
-0.245863
-0.246262
-0.247079
-0.248385
-0.250374
-0.253207
-0.256957
-0.261475
-0.266427
-0.271369
-0.275823
-0.279452
-0.28203
-0.283438
-0.283684
-0.282819
-0.280932
-0.27814
-0.274633
-0.27064
-0.266466
-0.26247
-0.259031
-0.256459
-0.254931
-0.254461
-0.254898
-0.255948
-0.257297
-0.258664
-0.259831
-0.260689
-0.261174
-0.261292
-0.261071
-0.260555
-0.25981
-0.25888
-0.257815
-0.256654
-0.255413
-0.254121
-0.252804
-0.251453
-0.250103
-0.248794
-0.247566
-0.246485
-0.245637
-0.245116
-0.244979
-0.245244
-0.245859
-0.246716
-0.247687
-0.248643
-0.249464
-0.250124
-0.250631
-0.251069
-0.251525
-0.252086
-0.252753
-0.253491
-0.254166
-0.254607
-0.254633
-0.254064
-0.2528
-0.250813
-0.248212
-0.245212
-0.242156
-0.239415
-0.237341
-0.236162
-0.235929
-0.236523
-0.237728
-0.23932
-0.241146
-0.243199
-0.2455
-0.248143
-0.251221
-0.254731
-0.258569
-0.262537
-0.266418
-0.270003
-0.273135
-0.27573
-0.277794
-0.279389
-0.280631
-0.281634
-0.282504
-0.283318
-0.284094
-0.284834
-0.285464
-0.285903
-0.286046
-0.285798
-0.285044
-0.283645
-0.281359
-0.277866
-0.272671
-0.265224
-0.255209
-0.24316
-0.231098
-0.22253
-0.221004
-0.227608
-0.240086
-0.254462
-0.267317
-0.276912
-0.282861
-0.285535
-0.285539
-0.283631
-0.280549
-0.277057
-0.273821
-0.271267
-0.26948
-0.268226
-0.267107
-0.265856
-0.264516
-0.263572
-0.263663
-0.265338
-0.268739
-0.273585
-0.279307
-0.285309
-0.29108
-0.296319
-0.300877
-0.304743
-0.307975
-0.310677
-0.312957
-0.31492
-0.316644
-0.318197
-0.319612
-0.320901
-0.322065
-0.323111
-0.324014
-0.324794
-0.325412
-0.325863
-0.326149
-0.326264
-0.326217
-0.325999
-0.325626
-0.325126
-0.324523
-0.323821
-0.32306
-0.322217
-0.321276
-0.320143
-0.318701
-0.316789
-0.314217
-0.310763
-0.306198
-0.300329
-0.293106
-0.284752
-0.275985
-0.268238
-0.263505
-0.263711
-0.26972
-0.280653
-0.294302
-0.308238
-0.320672
-0.330704
-0.338166
-0.343255
-0.346299
-0.347662
-0.347643
-0.346477
-0.344328
-0.341357
-0.337679
-0.33344
-0.328803
-0.324021
-0.319368
-0.315151
-0.311602
-0.308868
-0.306891
-0.305386
-0.303974
-0.302284
-0.300291
-0.298402
-0.297514
-0.298678
-0.302645
-0.309396
-0.318071
-0.327453
-0.336417
-0.344216
-0.350534
-0.355337
-0.358739
-0.360896
-0.361962
-0.362045
-0.361203
-0.359454
-0.356768
-0.353114
-0.348479
-0.342862
-0.336372
-0.32926
-0.321906
-0.31493
-0.309019
-0.30487
-0.302955
-0.303383
-0.305878
-0.309897
-0.314862
-0.320263
-0.325745
-0.331065
-0.336048
-0.340476
-0.344056
-0.346468
-0.347225
-0.345839
-0.341964
-0.335623
-0.327595
-0.319736
-0.31462
-0.314464
-0.319854
-0.329288
-0.340289
-0.350665
-0.35925
-0.365718
-0.370312
-0.373447
-0.375541
-0.376933
-0.377861
-0.378482
-0.37892
-0.379212
-0.379411
-0.379546
-0.379678
-0.379839
-0.380088
-0.380508
-0.381144
-0.382057
-0.383266
-0.38474
-0.386376
-0.387941
-0.389063
-0.389193
-0.387561
-0.383263
-0.375522
-0.364304
-0.351224
-0.340089
-0.335712
-0.340716
-0.353308
-0.368766
-0.382671
-0.392671
-0.398239
-0.399667
-0.397335
-0.391266
-0.381067
-0.366177
-0.346781
-0.325367
-0.307771
-0.301078
-0.308293
-0.325447
-0.345337
-0.362731
-0.375834
-0.385043
-0.391481
-0.396221
-0.400076
-0.403572
-0.407048
-0.41064
-0.414372
-0.418115
-0.421654
-0.424737
-0.427088
-0.428454
-0.428577
-0.427275
-0.424414
-0.419991
-0.414182
-0.407429
-0.400448
-0.394112
-0.389325
-0.38672
-0.386545
-0.388607
-0.392344
-0.397
-0.401706
-0.405582
-0.407767
-0.407467
-0.404003
-0.397008
-0.38686
-0.375161
-0.364912
-0.359596
-0.361195
-0.36888
-0.379666
-0.390399
-0.399146
-0.405278
-0.409044
-0.411011
-0.411785
-0.411869
-0.411565
-0.411021
-0.410214
-0.409007
-0.40719
-0.404652
-0.401374
-0.39756
-0.393639
-0.3901
-0.387309
-0.385372
-0.38403
-0.382823
-0.38133
-0.379351
-0.377058
-0.374933
-0.373625
-0.373655
-0.375143
-0.377691
-0.380539
-0.382916
-0.384238
-0.384282
-0.383111
-0.380999
-0.378338
-0.375582
-0.373091
-0.371199
-0.369986
-0.369394
-0.369187
-0.368975
-0.368347
-0.366896
-0.364325
-0.36052
-0.35561
-0.349955
-0.344153
-0.338912
-0.334922
-0.332732
-0.332627
-0.334459
-0.337678
-0.341444
-0.344868
-0.347218
-0.348048
-0.347282
-0.345168
-0.34209
-0.338565
-0.335112
-0.332172
-0.330099
-0.329123
-0.329342
-0.330662
-0.332881
-0.335606
-0.338427
-0.341011
-0.343137
-0.344734
-0.345822
-0.346521
-0.346934
-0.347203
-0.347414
-0.347621
-0.347866
-0.348154
-0.348446
-0.348734
-0.348997
-0.349224
-0.34941
-0.349511
-0.349544
-0.349509
-0.349377
-0.349164
-0.348858
-0.348431
-0.347882
-0.347176
-0.346287
-0.345197
-0.343865
-0.342266
-0.340428
-0.338364
-0.336173
-0.333985
-0.331975
-0.330361
-0.329319
-0.328961
-0.329264
-0.330119
-0.331289
-0.332549
-0.333683
-0.334572
-0.33517
-0.335527
-0.335746
-0.335969
-0.336305
-0.336828
-0.337609
-0.338614
-0.339833
-0.341175
-0.342564
-0.343883
-0.345042
-0.345917
-0.346414
-0.346437
-0.345922
-0.344826
-0.343097
-0.340748
-0.337831
-0.334392
-0.330551
-0.326437
-0.322293
-0.318471
-0.315441
-0.313765
-0.31392
-0.316133
-0.320195
-0.325524
-0.331312
-0.33666
-0.340758
-0.342861
-0.34225
-0.338234
-0.330172
-0.317778
-0.301674
-0.28401
-0.268366
-0.25839
-0.255577
