1.76816
1.76816
1.76816
1.76816
1.76816
1.76816
1.76816
1.76816
1.76816
1.76816
1.76816
1.76815
1.76815
1.76815
1.76815
1.76813
1.76812
1.76809
1.76807
1.76804
1.76802
1.768
1.76796
1.76793
1.7679
1.76788
1.76786
1.76785
1.76782
1.76779
1.76776
1.76774
1.76772
1.7677
1.76768
1.76765
1.76762
1.7676
1.76758
1.76757
1.76756
1.76755
1.76753
1.76752
1.76751
1.7675
1.76748
1.76747
1.76745
1.76744
1.76744
1.76742
1.76741
1.7674
1.7674
1.76738
1.76737
1.76736
1.76735
1.76734
1.76733
1.76734
1.76733
1.76732
1.76731
1.76729
1.76728
1.76727
1.76726
1.76725
1.76724
1.76724
1.76723
1.76722
1.76721
1.76719
1.76719
1.76717
1.76716
1.76716
1.76715
1.76714
1.76714
1.76712
1.76711
1.7671
1.76709
1.76709
1.76709
1.76707
1.76706
1.76704
1.76703
1.76702
1.767
1.76699
1.76699
1.76698
1.76698
1.76698
1.76698
1.76698
1.76698
1.76698
1.76699
1.76701
1.76703
1.76704
1.76707
1.7671
1.76713
1.76715
1.76718
1.76722
1.76726
1.7673
1.76737
1.76746
1.76757
1.76768
1.76776
1.76778
1.76775
1.7676
1.76738
1.76709
1.7668
1.76656
1.76641
1.76636
1.7664
1.76652
1.76668
1.76683
1.76694
1.76701
1.76708
1.76716
1.76728
1.76743
1.76758
1.7677
1.76775
1.76772
1.76761
1.76745
1.76726
1.76706
1.76687
1.7667
1.76657
1.76647
1.76641
1.76639
1.7664
1.76644
1.76651
1.76661
1.76672
1.76685
1.76699
1.76712
1.76725
1.76737
1.76747
1.76755
1.76759
1.76762
1.76763
1.7676
1.76757
1.76753
1.76748
1.7674
1.76729
1.76715
1.767
1.76686
1.76677
1.76674
1.76675
1.76683
1.76694
1.76704
1.76714
1.76724
1.76731
1.76735
1.76737
1.76736
1.76734
1.76729
1.76722
1.76714
1.76707
1.767
1.76695
1.76692
1.76691
1.76692
1.76694
1.76697
1.767
1.76705
1.7671
1.76714
1.76719
1.76723
1.76727
1.76731
1.76736
1.76741
1.76748
1.76754
1.76759
1.76762
1.76761
1.76755
1.76744
1.7673
1.76716
1.76703
1.76694
1.76691
1.76694
1.76701
1.76713
1.76726
1.76736
1.7674
1.76735
1.7672
1.76699
1.76679
1.76666
1.76663
1.76668
1.76681
1.76697
1.76714
1.76729
1.7674
1.76745
1.76741
1.76731
1.76717
1.76701
1.7669
1.76688
1.76693
1.76705
1.76721
1.76737
1.76747
1.76751
1.76749
1.76741
1.76728
1.76715
1.76705
1.76697
1.76691
1.76689
1.76688
1.7669
1.76693
1.76698
1.76702
1.76706
1.7671
1.76712
1.76714
1.76715
1.76715
1.76716
1.76718
1.76722
1.76727
1.76734
1.76743
1.76752
1.76759
1.76764
1.76764
1.76759
1.76748
1.76733
1.76717
1.767
1.76688
1.7668
1.76676
1.76676
1.76679
1.76684
1.76689
1.76694
1.76698
1.767
1.76703
1.76705
1.76706
1.76707
1.76707
1.76707
1.76708
1.76708
1.76709
1.76712
1.76716
1.76721
1.76729
1.76737
1.76748
1.76759
1.7677
1.76776
1.76775
1.76768
1.76752
1.76734
1.76714
1.76694
1.76675
1.76661
1.76654
1.76654
1.76664
1.7668
1.76702
1.76728
1.76753
1.76779
1.76802
1.7682
1.76833
1.76839
1.76834
1.7682
1.76795
1.76762
1.76723
1.76686
1.76654
1.76633
1.76625
1.76626
1.76634
1.76646
1.76658
1.76672
1.76685
1.76698
1.76709
1.76718
1.76727
1.76733
1.76738
1.76741
1.76743
1.76744
1.76742
1.76739
1.76735
1.76729
1.76725
1.7672
1.76716
1.76714
1.76712
1.76711
1.7671
1.76711
1.76712
1.76714
1.76714
1.76714
1.76713
1.76714
1.76714
1.76714
1.76714
1.76716
1.76717
1.76719
1.76722
1.76727
1.76733
1.76741
1.76753
1.76768
1.7679
1.76814
1.76841
1.7686
1.76861
1.76831
1.76773
1.76701
1.76645
1.76618
1.76621
1.76643
1.76671
1.76698
1.76721
1.76742
1.76756
1.76765
1.76766
1.76759
1.76743
1.76721
1.76701
1.76684
1.76673
1.76671
1.76674
1.76682
1.76693
1.76704
1.76714
1.76723
1.76733
1.76742
1.76752
1.76764
1.76778
1.76795
1.76812
1.76828
1.76837
1.76829
1.76799
1.76749
1.7669
1.7664
1.76611
1.76606
1.76619
1.76643
1.7667
1.76694
1.76716
1.76733
1.76749
1.76759
1.76765
1.76766
1.76762
1.76751
1.76736
1.76719
1.76705
1.76695
1.76691
1.76691
1.76695
1.76701
1.76707
1.76713
1.7672
1.76726
1.76732
1.7674
1.76746
1.76754
1.76763
1.76773
1.76783
1.76789
1.76793
1.76794
1.76786
1.76774
1.76758
1.7674
1.76726
1.76719
1.76718
1.76722
1.76728
1.76734
1.76737
1.76737
1.76735
1.7673
1.76723
1.76719
1.76714
1.76709
1.76704
1.76696
1.76688
1.76679
1.76673
1.7667
1.76672
1.76679
1.76689
1.767
1.76713
1.76725
1.76736
1.76745
1.76754
1.7676
1.76763
1.76764
1.7676
1.76752
1.76741
1.76731
1.76721
1.76713
1.76708
1.76706
1.76706
1.76709
1.76713
1.76717
1.7672
1.76724
1.76727
1.76729
1.7673
1.76731
1.7673
1.76731
1.76731
1.76731
1.76732
1.76732
1.76732
1.7673
1.76729
1.76727
1.76723
1.76719
1.76715
1.76711
1.76708
1.76707
1.76707
1.76709
1.76711
1.76713
1.76714
1.76714
1.76712
1.76711
1.76711
1.76713
1.76716
1.76721
1.76728
1.76735
1.76742
1.76748
1.76751
1.7675
1.76745
1.76737
1.76728
1.76719
1.76712
1.76708
1.76705
1.76704
1.767
1.76696
1.76693
1.76688
1.76684
1.76681
1.7668
1.76682
1.76686
1.7669
1.76696
1.76701
1.76705
1.76708
1.76709
1.7671
1.7671
1.76711
1.76712
1.76713
1.76716
1.7672
1.76724
1.7673
1.76736
1.76747
1.76761
1.7678
1.76803
1.76828
1.76842
1.76827
1.76774
1.76692
1.76616
1.76575
1.76574
1.766
1.76636
1.76672
1.76702
1.76726
1.76742
1.7675
1.76751
1.76746
1.76738
1.76732
1.76728
1.76728
1.76729
1.76729
1.76722
1.76709
1.76691
1.76674
1.76662
1.76656
1.76656
1.7666
1.76666
1.76674
1.76681
1.76687
1.76692
1.76696
1.76699
1.76702
1.76704
1.76705
1.76705
1.76707
1.76707
1.76709
1.76709
1.76711
1.76713
1.76715
1.76717
1.76718
1.76719
1.76721
1.76722
1.76722
1.76724
1.76724
1.76725
1.76726
1.76728
1.76733
1.76739
1.76746
1.76756
1.76767
1.76781
1.76794
1.76803
1.76803
1.76784
1.76743
1.76687
1.7663
1.76589
1.76573
1.7658
1.766
1.76626
1.76651
1.76674
1.76693
1.76709
1.76722
1.76733
1.76742
1.76749
1.76755
1.76759
1.76764
1.76765
1.76763
1.76757
1.7675
1.76742
1.76735
1.76732
1.76733
1.76738
1.76741
1.76737
1.76721
1.76696
1.76667
1.7664
1.76627
1.76626
1.76635
1.7665
1.76666
1.76681
1.76694
1.76706
1.76717
1.76726
1.76735
1.76744
1.76753
1.76762
1.76771
1.76781
1.76789
1.76794
1.76795
1.76787
1.76773
1.76753
1.76729
1.76706
1.76688
1.76676
1.76669
1.76666
1.76666
1.76669
1.76673
1.7668
1.76691
1.76704
1.76723
1.76747
1.76773
1.76796
1.76806
1.76793
1.76753
1.76699
1.76647
1.76617
1.76612
1.76627
1.76646
1.76668
1.76685
1.76697
1.76706
1.76711
1.76714
1.76717
1.76718
1.76719
1.7672
1.76721
1.76721
1.76721
1.7672
1.76717
1.76715
1.76712
1.76709
1.76707
1.76706
1.76709
1.76716
1.76728
1.7675
1.76781
1.76817
1.76848
1.76853
1.76812
1.76727
1.76633
1.76576
1.7657
1.76599
1.76643
1.76687
1.76726
1.76762
1.768
1.76844
1.76893
1.76933
1.76933
1.76862
1.76728
1.76596
1.76528
1.7653
1.76568
1.76611
1.76645
1.76668
1.76681
1.76687
1.76689
1.76689
1.76689
1.76688
1.76688
1.76691
1.76696
1.76704
1.76715
1.76729
1.76744
1.7676
1.76775
1.76787
1.76794
1.76793
1.76782
1.76762
1.76738
1.76714
1.76693
1.7668
1.76675
1.76678
1.7669
1.76711
1.7674
1.76773
1.76809
1.76835
1.7684
1.7681
1.76747
1.76676
1.76626
1.7661
1.76623
1.76647
1.76674
1.76695
1.7671
1.7672
1.76724
1.76727
1.76729
1.76732
1.76736
1.76744
1.76751
1.76758
1.76762
1.76761
1.76755
1.76747
1.76738
1.76733
1.76734
1.76738
1.76744
1.76745
1.7674
1.76729
1.76715
1.76703
1.76695
1.76696
1.76703
1.76715
1.76728
1.76739
1.76746
1.7675
1.76749
1.76746
1.76737
1.7673
1.76724
1.76722
1.76724
1.7673
1.76739
1.76751
1.76763
1.76772
1.76778
1.76776
1.76767
1.76752
1.76733
1.76712
1.76694
1.76684
1.76683
1.7669
1.76703
1.7672
1.76737
1.76748
1.76755
1.76757
1.76754
1.76747
1.76737
1.76725
1.76713
1.76704
1.76696
1.76693
1.76694
1.76697
1.76703
1.76708
1.76713
1.76715
1.76718
1.76719
1.76719
1.7672
1.76719
1.76718
1.76718
1.76719
1.7672
1.7672
1.76719
1.7672
1.76721
1.76721
1.76722
1.76723
1.76723
1.76725
1.76726
1.76727
1.7673
1.76731
1.76734
1.76738
1.7674
1.76742
1.76742
1.76741
1.76738
1.76733
1.76726
1.76719
1.76713
1.76708
1.76706
1.76706
1.76707
1.76709
1.76712
1.76714
1.76715
1.76715
1.76713
1.76711
1.76707
1.76705
1.76703
1.76702
1.76701
1.76702
1.76703
1.76706
1.7671
1.76715
1.76721
1.76726
1.76732
1.76738
1.76743
1.76747
1.7675
1.76753
1.76753
1.76748
1.76737
1.76721
1.76701
1.7668
1.76664
1.76656
1.76655
1.76663
1.76679
1.76702
1.76732
1.76769
1.76811
1.76853
1.76885
1.76886
1.76849
1.76781
1.76712
