1.2
1.20001
1.20002
1.20003
1.20005
1.20008
1.2001
1.20014
1.20017
1.20021
1.20026
1.20031
1.20036
1.20042
1.20049
1.20056
1.20063
1.20072
1.2008
1.20089
1.20099
1.20109
1.2012
1.20132
1.20144
1.20157
1.2017
1.20184
1.20199
1.20215
1.20231
1.20248
1.20266
1.20284
1.20303
1.20324
1.20345
1.20367
1.2039
1.20413
1.20438
1.20464
1.20491
1.20519
1.20548
1.20579
1.20611
1.20644
1.20678
1.20714
1.20751
1.20789
1.2083
1.20872
1.20915
1.2096
1.21008
1.21057
1.21108
1.21161
1.21217
1.21274
1.21334
1.21397
1.21462
1.2153
1.216
1.21674
1.2175
1.2183
1.21913
1.21999
1.22089
1.22182
1.22279
1.22381
1.22486
1.22596
1.2271
1.22829
1.22953
1.23081
1.23215
1.23354
1.23499
1.23649
1.23805
1.23967
1.24136
1.24311
1.24492
1.24679
1.24873
1.25074
1.2528
1.25493
1.25711
1.25935
1.26162
1.26393
1.26625
1.26858
1.27088
1.27314
1.27533
1.27742
1.27938
1.28118
1.28281
1.28425
1.2855
1.28655
1.28742
1.2881
1.28853
1.28867
1.28839
1.28756
1.28607
1.28385
1.28097
1.27764
1.2743
1.27155
1.27002
1.27021
1.27233
1.27622
1.28139
1.2872
1.29297
1.29815
1.30239
1.30563
1.30802
1.30981
1.31118
1.31212
1.31242
1.31182
1.31017
1.30757
1.30435
1.30102
1.29811
1.29607
1.29518
1.29558
1.29728
1.30021
1.30419
1.30899
1.31434
1.31995
1.3256
1.33107
1.33616
1.34071
1.34454
1.34756
1.34969
1.35093
1.3513
1.35087
1.34972
1.34798
1.34579
1.34331
1.3407
1.33811
1.33565
1.33342
1.3315
1.33003
1.3292
1.32921
1.33023
1.33224
1.33505
1.33829
1.34156
1.34448
1.34681
1.34843
1.34932
1.34957
1.34928
1.34861
1.34771
1.34675
1.34589
1.34526
1.34499
1.34515
1.34577
1.34684
1.34829
1.35002
1.35191
1.35386
1.35573
1.35746
1.35895
1.36018
1.36112
1.36176
1.3621
1.36214
1.36189
1.36133
1.36043
1.35918
1.35753
1.35548
1.35307
1.35041
1.3477
1.34524
1.34333
1.34224
1.34212
1.34293
1.34448
1.34644
1.34843
1.35006
1.35103
1.35118
1.35051
1.34931
1.34811
1.34754
1.34817
1.3502
1.35341
1.35721
1.36094
1.36402
1.36611
1.36706
1.36692
1.36587
1.36427
1.36258
1.36131
1.36091
1.36155
1.3631
1.36513
1.36708
1.36845
1.36891
1.36834
1.36686
1.36482
1.36265
1.36086
1.35978
1.35959
1.36024
1.36154
1.36329
1.36532
1.36747
1.36962
1.37166
1.37348
1.37503
1.37627
1.37723
1.37797
1.37856
1.37907
1.37954
1.37997
1.38032
1.38048
1.38034
1.37977
1.37867
1.377
1.37477
1.37213
1.36931
1.36662
1.36444
1.3631
1.36282
1.36367
1.36551
1.36809
1.37108
1.37418
1.37715
1.37987
1.38227
1.38437
1.38618
1.38775
1.38913
1.39036
1.39149
1.39255
1.39357
1.39458
1.39558
1.39656
1.39749
1.39833
1.399
1.39937
1.39934
1.39875
1.39748
1.39547
1.39273
1.38944
1.38594
1.38266
1.3801
1.37864
1.37849
1.37975
1.38235
1.3861
1.3906
1.39534
1.39971
1.40321
1.40543
1.40612
1.40516
1.40252
1.39823
1.39247
1.38551
1.37783
1.37005
1.36286
1.35698
1.35303
1.35147
1.35249
1.35587
1.36106
1.36727
1.37375
1.37994
1.38547
1.39016
1.39396
1.39688
1.39896
1.40028
1.40095
1.40104
1.40066
1.3999
1.39887
1.39768
1.39642
1.39522
1.39417
1.39337
1.39286
1.39269
1.39283
1.39325
1.39389
1.39469
1.39558
1.39652
1.39746
1.39838
1.39928
1.40014
1.40098
1.4018
1.40259
1.40337
1.40412
1.40484
1.40552
1.40613
1.40663
1.40698
1.4071
1.4069
1.40622
1.40487
1.40262
1.39915
1.39415
1.38743
1.37911
1.36996
1.36161
1.35614
1.3551
1.35851
1.36482
1.37193
1.37822
1.38288
1.3857
1.3868
1.38643
1.38488
1.38252
1.37978
1.37723
1.37543
1.37485
1.3757
1.37788
1.381
1.38455
1.38806
1.39117
1.39366
1.39544
1.39649
1.39686
1.39658
1.39568
1.39414
1.39189
1.38879
1.38467
1.37938
1.37293
1.36561
1.35822
1.35202
1.34845
1.34856
1.35244
1.35906
1.36686
1.37437
1.38061
1.38514
1.38791
1.3891
1.38894
1.38767
1.38557
1.38289
1.37997
1.37716
1.37487
1.37345
1.37311
1.37384
1.37543
1.37754
1.3798
1.38193
1.38373
1.38512
1.38606
1.38657
1.38665
1.38631
1.38553
1.3843
1.38255
1.38025
1.37734
1.37381
1.3697
1.36514
1.36041
1.35588
1.35198
1.34907
1.34731
1.34658
1.34654
1.34676
1.34687
1.34665
1.34604
1.34514
1.34412
1.34317
1.34247
1.34209
1.34204
1.34227
1.34278
1.34362
1.34489
1.34672
1.34916
1.35213
1.35542
1.35872
1.36174
1.36423
1.36602
1.36704
1.36729
1.36678
1.36559
1.36378
1.36149
1.35885
1.35607
1.35338
1.35103
1.34925
1.34816
1.34778
1.34802
1.34868
1.34957
1.35048
1.35128
1.35188
1.35223
1.35233
1.3522
1.35188
1.3514
1.35079
1.35008
1.34931
1.34848
1.34762
1.34674
1.34585
1.34495
1.34407
1.34325
1.34251
1.34194
1.34157
1.34145
1.34159
1.34198
1.34253
1.34317
1.34381
1.34437
1.34482
1.34518
1.34547
1.34578
1.34614
1.34658
1.34707
1.34753
1.34785
1.3479
1.34756
1.34677
1.34549
1.34379
1.34181
1.33977
1.33791
1.33648
1.33563
1.33541
1.33576
1.33654
1.33758
1.33879
1.34013
1.34164
1.34338
1.3454
1.34771
1.35025
1.35289
1.35549
1.35791
1.36003
1.36179
1.3632
1.36429
1.36514
1.36582
1.3664
1.36695
1.36747
1.36797
1.3684
1.36871
1.36883
1.36869
1.36823
1.36734
1.36589
1.36365
1.36031
1.35551
1.349
1.34105
1.33291
1.32685
1.32529
1.32918
1.33723
1.3468
1.35554
1.36218
1.36639
1.36837
1.36853
1.36736
1.36536
1.36304
1.36085
1.3591
1.35787
1.35701
1.35626
1.35543
1.35454
1.35386
1.35383
1.35483
1.35699
1.36013
1.36391
1.36791
1.37179
1.37532
1.37841
1.38103
1.38323
1.38506
1.38661
1.38794
1.38911
1.39016
1.39111
1.39197
1.39275
1.39346
1.39407
1.39459
1.39501
1.39533
1.39553
1.39562
1.3956
1.39546
1.39522
1.3949
1.3945
1.39404
1.39353
1.39298
1.39236
1.39162
1.39068
1.38945
1.38779
1.38555
1.38258
1.37876
1.37403
1.36852
1.36268
1.35738
1.35396
1.35372
1.35735
1.36436
1.37335
1.38269
1.39111
1.39798
1.40312
1.40666
1.40882
1.40984
1.40991
1.4092
1.40783
1.4059
1.40348
1.40069
1.39763
1.39445
1.39133
1.38848
1.38607
1.38419
1.38283
1.3818
1.38087
1.37978
1.37847
1.37718
1.37648
1.37709
1.37954
1.38387
1.38956
1.39581
1.40185
1.40715
1.41147
1.41477
1.41712
1.41864
1.41942
1.41954
1.41904
1.41793
1.4162
1.41382
1.41079
1.40711
1.40284
1.39813
1.39323
1.38853
1.3845
1.3816
1.38016
1.3803
1.38184
1.38444
1.3877
1.39128
1.39494
1.3985
1.40185
1.40485
1.40731
1.40901
1.40963
1.40887
1.40646
1.40239
1.3971
1.39178
1.3881
1.38763
1.39088
1.39697
1.40428
1.41129
1.41714
1.4216
1.42477
1.42695
1.4284
1.42936
1.43
1.43044
1.43073
1.43093
1.43107
1.43117
1.43126
1.43136
1.43153
1.43179
1.4322
1.43278
1.43357
1.43454
1.43563
1.43668
1.43748
1.43765
1.43671
1.43405
1.42913
1.42186
1.41317
1.40547
1.40199
1.4047
1.41271
1.42298
1.43244
1.4394
1.4434
1.44462
1.44331
1.43951
1.433
1.4234
1.41074
1.39647
1.38426
1.37891
1.38284
1.39382
1.40709
1.41894
1.42796
1.43433
1.43877
1.44202
1.44463
1.44697
1.44929
1.45168
1.45417
1.45666
1.45904
1.46113
1.46276
1.46374
1.46391
1.46315
1.46134
1.45849
1.4547
1.45025
1.44558
1.44129
1.43796
1.43607
1.43579
1.43703
1.43943
1.4425
1.44566
1.44832
1.44992
1.44991
1.44782
1.4434
1.43681
1.42904
1.42201
1.41804
1.41864
1.42343
1.43051
1.43775
1.44375
1.44801
1.45066
1.45208
1.45266
1.45274
1.45256
1.45221
1.45169
1.45091
1.44976
1.44811
1.44597
1.44345
1.44083
1.43843
1.43652
1.43517
1.43424
1.43344
1.43248
1.43119
1.42967
1.42822
1.42728
1.42721
1.42811
1.42976
1.43166
1.4333
1.43426
1.43437
1.43366
1.43231
1.43056
1.42871
1.42703
1.42571
1.42486
1.42443
1.42427
1.42414
1.42377
1.42286
1.42122
1.41877
1.41556
1.41182
1.40795
1.40439
1.40163
1.40004
1.39983
1.40093
1.40301
1.40551
1.40785
1.4095
1.41016
1.40977
1.40843
1.40643
1.40409
1.40177
1.39976
1.39831
1.39758
1.39765
1.39847
1.3999
1.40169
1.40358
1.40532
1.40678
1.40787
1.40863
1.40912
1.40941
1.4096
1.40974
1.40988
1.41004
1.41022
1.41042
1.41061
1.4108
1.41095
1.41107
1.41114
1.41117
1.41115
1.41107
1.41093
1.41073
1.41045
1.41009
1.40963
1.40906
1.40834
1.40747
1.40643
1.40522
1.40386
1.4024
1.40093
1.39957
1.39846
1.39772
1.39743
1.3976
1.39813
1.3989
1.39974
1.4005
1.40111
1.40152
1.40178
1.40193
1.40208
1.40229
1.40262
1.40312
1.40378
1.40457
1.40546
1.40638
1.40727
1.40805
1.40865
1.40901
1.40906
1.40875
1.40805
1.40694
1.40542
1.40351
1.40124
1.3987
1.39598
1.39321
1.39063
1.38854
1.38732
1.38729
1.38862
1.39122
1.39472
1.39857
1.4022
1.40503
1.40659
1.40638
1.40395
1.39885
1.39087
1.38035
1.36858
1.35791
1.3508
1.34847
