28.7713
27.1459
24.5899
23.5575
22.9342
20.1488
20.1488
19.5612
18.3581
16.5242
15.6009
15.0502
15.0502
15.0502
15.0502
15.0463
14.5167
13.3908
13.3908
13.3144
12.7633
12.7415
12.0361
11.8612
11.3808
11.1358
11.1358
11.1358
10.7036
10.7036
10.4049
10.4049
10.3887
10.3481
9.49065
9.34072
9.109
9.09193
9.082
9.082
9.082
9.082
8.62105
8.31297
8.29309
8.29309
8.29309
8.29309
8.29309
8.29309
8.29309
8.29146
7.395
7.395
7.39338
7.39338
7.39338
7.39338
7.39338
7.39338
7.39338
7.39338
7.39095
7.39095
7.39095
7.39095
7.39095
7.39095
7.39095
6.24587
6.24587
6.24587
6.24587
6.24587
6.24587
6.24587
6.24587
6.24587
6.24587
6.24587
6.24587
6.24587
6.24587
6.24587
6.24587
6.24587
6.24587
6.24587
6.23829
6.23829
6.23829
6.23829
6.23829
6.23829
6.23829
6.23829
6.23829
6.23829
6.23829
6.23829
6.23829
