           0           0           0
   0.0256496           0           0
   0.0512993           0           0
   0.0769489           0           0
    0.102599           0           0
    0.128248           0           0
    0.153898           0           0
    0.179547           0           0
    0.205197           0           0
    0.230847           0           0
    0.256496           0           0
    0.282146           0           0
    0.307796           0           0
    0.333445           0           0
    0.359095           0           0
    0.384745           0           0
    0.410394           0           0
    0.436044           0           0
    0.461694           0           0
    0.487343           0           0
    0.512993           0           0
    0.538642           0           0
    0.564292           0           0
    0.589942           0           0
    0.615591           0           0
    0.641241           0           0
    0.666891           0           0
     0.69254           0           0
     0.71819           0           0
     0.74384           0           0
    0.769489           0           0
    0.795139           0           0
    0.820788           0           0
    0.846438 1.45892e-05 1.45161e-05
    0.872088  0.00070613 8.58852e-05
    0.897737   0.0121127  0.00038508
    0.923387   0.0821894   0.0013491
    0.949037    0.277174  0.00294084
    0.974686    0.602011  0.00403523
     1.00034    0.931452  0.00548979
     1.02599     1.16786  0.00453042
     1.05164     1.27926  0.00382027
     1.07728     1.27208  0.00323959
     1.10293     1.20087  0.00302753
     1.12858     1.10361  0.00339925
     1.15423    0.987642  0.00380039
     1.17988    0.877821  0.00388396
     1.20553    0.780285  0.00382355
     1.23118    0.694595  0.00357729
     1.25683    0.624153  0.00281821
     1.28248    0.565048  0.00271675
     1.30813    0.509414    0.002208
     1.33378    0.468356  0.00201492
     1.35943    0.434903  0.00174283
     1.38508    0.409125  0.00153469
     1.41073    0.384298  0.00145486
     1.43638    0.366789  0.00153991
     1.46203    0.357142  0.00148721
     1.48768    0.346936  0.00155529
     1.51333    0.339256  0.00168176
     1.53898    0.337403  0.00152238
     1.56463    0.335161  0.00161388
     1.59028    0.337203  0.00164123
     1.61593    0.343232  0.00152791
     1.64158    0.350545  0.00130724
     1.66723    0.361727  0.00160443
     1.69288    0.374324  0.00156385
     1.71853    0.390862  0.00156259
     1.74418    0.408031  0.00159323
     1.76983    0.426484  0.00162975
     1.79547    0.446845  0.00183334
     1.82112    0.466877  0.00177923
     1.84677    0.487331  0.00171761
     1.87242    0.510242   0.0015203
     1.89807    0.527321  0.00156817
     1.92372    0.547663  0.00136021
     1.94937    0.566236  0.00156297
     1.97502    0.582026  0.00140693
     2.00067    0.593378  0.00150547
     2.02632    0.602688   0.0015419
     2.05197    0.606414  0.00152073
     2.07762    0.607067  0.00183735
     2.10327    0.602907   0.0016534
     2.12892     0.59751  0.00168254
     2.15457    0.588696  0.00168742
     2.18022    0.574528  0.00145389
     2.20587      0.5624  0.00149783
     2.23152    0.548378  0.00147867
     2.25717    0.533324  0.00138532
     2.28282    0.517982  0.00133324
     2.30847    0.504739  0.00126011
     2.33412    0.492654  0.00116675
     2.35977    0.481574  0.00128329
     2.38542    0.472624  0.00116953
     2.41107    0.465011  0.00099652
     2.43672     0.45847  0.00103644
     2.46237    0.452677 0.000948208
     2.48802    0.446949  0.00102874
     2.51366    0.444028  0.00106971
     2.53931    0.444121  0.00105103
