0.5 -0.969884 0.00170854
0.6 -0.933416 0.00143622
0.7 -0.891328 0.00111326
0.7999999999999999 -0.84787 0.000739001
0.8999999999999999 -0.80444 0.000626065
0.9999999999999999 -0.761366 0.000531766
1.0999999999999999 -0.721557 0.000652084
1.2 -0.682921 0.000494823
1.3 -0.646946 0.000506429
1.4000000000000001 -0.614007 0.000325754
1.5000000000000002 -0.582837 0.000344534
1.6000000000000003 -0.554602 0.000401429
1.7000000000000004 -0.528348 0.000355891
1.8000000000000005 -0.504541 0.000417269
1.9000000000000006 -0.482302 0.000398247
2.0000000000000004 -0.461816 0.000345315
