0.5 74.9234 1.58334
0.6 42.9066 1.05947
0.7 24.2901 0.60748
0.7999999999999999 15.0958 0.302563
0.8999999999999999 10.1759 0.167575
0.9999999999999999 7.32088 0.100725
1.0999999999999999 5.59294 0.0697933
1.2 4.41685 0.0363699
1.3 3.60688 0.0255316
1.4000000000000001 2.9832 0.0203089
1.5000000000000002 2.52174 0.0143924
1.6000000000000003 2.18439 0.0105984
1.7000000000000004 1.8982 0.0111563
1.8000000000000005 1.67829 0.00927925
1.9000000000000006 1.49379 0.00731773
2.0000000000000004 1.34479 0.00546202
