0.5 0.879861 0.0148068
0.6 0.646538 0.0233285
0.7 0.461183 0.00980974
0.7999999999999999 0.285429 0.0107118
0.8999999999999999 0.197078 0.00650787
0.9999999999999999 0.140512 0.00312974
1.0999999999999999 0.111579 0.00484209
1.2 0.082616 0.00258309
1.3 0.0707322 0.00261173
1.4000000000000001 0.0582908 0.00207414
1.5000000000000002 0.0498408 0.00119909
1.6000000000000003 0.0435736 0.00171861
1.7000000000000004 0.039568 0.00143858
1.8000000000000005 0.036348 0.00154465
1.9000000000000006 0.0295008 0.0014444
2.0000000000000004 0.0284662 0.00137679
