0.5 0.331321 0.00846952
0.6 0.423603 0.00631524
0.7 0.431683 0.00418201
0.7999999999999999 0.448082 0.00347174
0.8999999999999999 0.437703 0.00353901
0.9999999999999999 0.418877 0.00255782
1.0999999999999999 0.395843 0.00222274
1.2 0.366443 0.0017742
1.3 0.344627 0.00124562
1.4000000000000001 0.315894 0.00118169
1.5000000000000002 0.293545 0.00126101
1.6000000000000003 0.270008 0.000790268
1.7000000000000004 0.247388 0.000727865
1.8000000000000005 0.229135 0.000497714
1.9000000000000006 0.212861 0.000971257
2.0000000000000004 0.197807 0.000710915
