0.5 -0.973478 0.00107335
0.6 -0.934371 0.00113367
0.7 -0.892482 0.000994291
0.7999999999999999 -0.849277 0.000673757
0.8999999999999999 -0.804744 0.000626883
0.9999999999999999 -0.761919 0.000565724
1.0999999999999999 -0.720652 0.000496568
1.2 -0.682719 0.00045453
1.3 -0.646452 0.000413357
1.4000000000000001 -0.612768 0.000405998
1.5000000000000002 -0.583036 0.00038157
1.6000000000000003 -0.554297 0.000463396
1.7000000000000004 -0.52799 0.000429245
1.8000000000000005 -0.504477 0.000435235
1.9000000000000006 -0.482526 0.00040739
2.0000000000000004 -0.462242 0.000398008
