           1   -0.654174   -0.654174           0
           2    0.649198 -0.00248778    0.460812
           3     1.23828    0.411103    0.456525
           4     1.28072    0.628508    0.390746
           5     1.22679    0.748166     0.33041
           6     1.03742    0.796374    0.278837
           7     1.05088    0.832732    0.241362
           8      1.0182    0.855916    0.212302
           9     1.37671    0.913782    0.196441
          10     1.82876     1.00528    0.196956
          11      1.6006      1.0594    0.186338
          12     1.13945     1.06607    0.170929
          13     1.35363     1.08819    0.159206
          14     1.08862     1.08822    0.147834
          15     1.30287     1.10253    0.138669
          16    0.948956     1.09293    0.130334
          17     1.69069      1.1281    0.127322
          18     1.47361     1.14729    0.121687
          19     1.21183     1.15069     0.11533
          20     1.32693      1.1595      0.1099
          21     1.03712     1.15367    0.104821
          22      1.3973     1.16475    0.100639
          23     1.00643     1.15786   0.0964988
          24     1.49381     1.17186   0.0934878
          25     1.51077     1.18542   0.0907258
          26     1.74356     1.20688   0.0897401
          27     1.16194     1.20522   0.0864318
          28     1.31217     1.20904   0.0834293
          29     1.54571     1.22065   0.0813562
          30     1.64893     1.23492   0.0798871
          31     1.34056     1.23833   0.0773827
          32     1.47616     1.24576   0.0753206
          33     1.61804     1.25705   0.0738781
          34     1.62188     1.26778   0.0724803
          35     1.20635     1.26602   0.0704307
          36     1.47231     1.27175    0.068707
          37     1.28638     1.27215   0.0668512
          38     1.62866     1.28153   0.0657469
          39     1.30048     1.28201   0.0640629
          40    0.954875     1.27384   0.0629812
          41     1.36832     1.27614   0.0614872
          42     1.63951     1.28479   0.0606289
          43     1.97154     1.30076   0.0612864
          44     1.25161     1.29965   0.0599037
          45     1.26262     1.29882   0.0585781
          46     1.42528     1.30157   0.0573692
          47     1.46676     1.30509   0.0562561
          48     1.95963     1.31872   0.0567127
          49     1.09449     1.31415   0.0557396
          50     1.35219     1.31491     0.05463
          51     1.50876     1.31871   0.0536909
          52     1.38329     1.31995   0.0526728
          53     1.42054     1.32185   0.0517131
          54     1.53764     1.32585   0.0509096
          55     1.60794     1.33097   0.0502417
          56     1.17213     1.32814   0.0494245
          57     1.51228     1.33137   0.0486629
          58     1.74824     1.33856   0.0483518
          59     1.81442     1.34662   0.0482003
          60     1.20295     1.34423   0.0474564
          61      1.4201     1.34547   0.0466947
          62     1.66194     1.35057   0.0462197
          63     1.51929     1.35325   0.0455636
          64     2.06147     1.36432   0.0461759
          65     1.31294     1.36353   0.0454722
          66    0.977312     1.35768   0.0451582
          67     1.18889     1.35516   0.0445544
          68     1.41962     1.35611   0.0439093
          69     1.78415     1.36231   0.0437089
          70     1.88505     1.36978   0.0437178
          71      1.3079      1.3689   0.0431107
          72     1.12217     1.36548    0.042648
          73     1.44822     1.36661   0.0420788
          74     1.23531     1.36484   0.0415476
          75      1.4002     1.36531   0.0409963
          76     1.82107     1.37131   0.0408931
          77     1.16949     1.36868   0.0404459
          78    0.912286     1.36283   0.0403484
          79     1.48345     1.36436   0.0398666
          80     1.42085     1.36507   0.0393745
          81     1.45046     1.36612   0.0389025
          82     1.12599     1.36319   0.0385381
          83     1.19764      1.3612   0.0381254
          84     1.48692     1.36269   0.0377009
          85      1.2104      1.3609   0.0372999
          86     1.50197     1.36254   0.0369022
          87     1.42011      1.3632    0.036484
          88     1.67034     1.36669    0.036236
          89     1.56682     1.36894   0.0358985
          90     1.35272     1.36876   0.0355001
          91     1.57847     1.37107   0.0351847
          92     1.45615     1.37199   0.0348144
          93     1.77468     1.37632   0.0347083
          94     1.51797     1.37783   0.0343717
          95     1.42419     1.37832   0.0340134
          96     1.62688     1.38091   0.0337575
          97     1.34765     1.38056   0.0334112
          98     1.38061     1.38056   0.0330703
          99     1.22926     1.37904   0.0327715
         100     1.74957     1.38274   0.0326526
