           1     -5.8427     -5.8427           0
           2    -5.59715    -5.71992    0.086814
           3    -5.49049    -5.64345   0.0851399
           4    -5.46273    -5.59827   0.0748891
           5    -5.49588    -5.57779   0.0626483
           6    -5.54209    -5.57184   0.0524887
           7    -5.51328    -5.56347    0.045652
           8    -5.54934    -5.56171   0.0399797
           9    -5.50731    -5.55566   0.0359915
          10    -5.39715    -5.53981   0.0357128
          11    -5.43752    -5.53051    0.033655
          12    -5.51023    -5.52882   0.0308928
          13     -5.4817     -5.5252   0.0287283
          14    -5.50744    -5.52393   0.0267043
          15    -5.46992    -5.52033   0.0251656
          16    -5.54492    -5.52187   0.0236396
          17    -5.42012    -5.51588   0.0229942
          18    -5.45944    -5.51274   0.0219295
          19    -5.49676     -5.5119   0.0207915
          20    -5.46984     -5.5098    0.019858
          21    -5.51402       -5.51   0.0189134
          22    -5.45325    -5.50742   0.0182287
          23    -5.53777    -5.50874   0.0174839
          24    -5.46007    -5.50671   0.0168726
          25    -5.44918    -5.50441   0.0163539
          26    -5.39722    -5.50029   0.0162363
          27    -5.50486    -5.50046   0.0156358
          28    -5.48244    -5.49981   0.0150906
          29    -5.44019    -5.49776   0.0147097
          30    -5.39881    -5.49446   0.0145844
          31    -5.47537    -5.49384    0.014127
          32    -5.44094    -5.49219   0.0137819
          33    -5.41554    -5.48987   0.0135586
          34    -5.40078    -5.48725   0.0134106
          35    -5.50871    -5.48786   0.0130414
          36    -5.45455    -5.48694   0.0127119
          37    -5.48187     -5.4868   0.0123691
          38    -5.41121    -5.48481   0.0122025
          39    -5.50998    -5.48546   0.0119067
          40    -5.52961    -5.48656   0.0116601
          41    -5.43741    -5.48536   0.0114372
          42    -5.43381    -5.48413   0.0112305
          43    -5.37444    -5.48158   0.0112553
          44    -5.49581    -5.48191   0.0110042
          45    -5.47373    -5.48172   0.0107611
          46    -5.45389    -5.48112   0.0105442
          47    -5.44395    -5.48033   0.0103494
          48    -5.36088    -5.47784   0.0104287
          49    -5.51672    -5.47863    0.010246
          50    -5.48553    -5.47877    0.010042
          51    -5.44751    -5.47816  0.00986382
          52    -5.44229    -5.47747  0.00969822
          53    -5.43576    -5.47668  0.00954712
          54    -5.42672    -5.47576  0.00941504
          55    -5.41994    -5.47474   0.0092984
          56    -5.48593    -5.47494   0.0091345
          57     -5.4535    -5.47456  0.00898198
          58    -5.39247    -5.47315  0.00893796
          59    -5.40427    -5.47198  0.00886238
          60    -5.49572    -5.47238   0.0087235
          61    -5.46867    -5.47232   0.0085807
          62     -5.4191    -5.47146  0.00848512
          63    -5.45608    -5.47121  0.00835395
          64    -5.35633    -5.46942  0.00841407
          65    -5.47171    -5.46945   0.0082847
          66    -5.53512    -5.47045   0.0082187
          67    -5.51308    -5.47109  0.00812063
          68    -5.43851    -5.47061  0.00801532
          69    -5.39323    -5.46948  0.00797722
          70    -5.36365    -5.46797  0.00800526
          71    -5.48171    -5.46817  0.00789485
          72    -5.55657    -5.46939  0.00788009
          73    -5.47321    -5.46945  0.00777232
          74    -5.49464    -5.46979  0.00767474
          75    -5.46466    -5.46972  0.00757272
          76     -5.3903    -5.46867  0.00754483
          77     -5.5049    -5.46914  0.00746149
          78    -5.54213    -5.47008  0.00742427
          79    -5.45926    -5.46994  0.00733156
          80    -5.45734    -5.46979   0.0072416
          81     -5.4352    -5.46936  0.00716478
          82    -5.51857    -5.46996   0.0071025
          83    -5.49481    -5.47026  0.00702323
          84    -5.43299    -5.46981  0.00695362
          85    -5.48313    -5.46997  0.00687358
          86    -5.43933    -5.46961  0.00680288
          87    -5.45573    -5.46945  0.00672656
          88    -5.40191    -5.46869  0.00669376
          89    -5.43525    -5.46831  0.00662909
          90    -5.47667     -5.4684  0.00655608
          91    -5.42367    -5.46791  0.00650244
          92    -5.47115    -5.46795  0.00643185
          93    -5.41667     -5.4674  0.00638628
          94    -5.47461    -5.46747   0.0063188
          95    -5.46022     -5.4674  0.00625275
          96    -5.41197    -5.46682  0.00621421
          97    -5.46232    -5.46677  0.00615032
          98    -5.46642    -5.46677  0.00608756
          99    -5.50114    -5.46712  0.00603596
         100    -5.39564     -5.4664  0.00601777
