30.4254
28.5075
26.5202
24.7577
23.5883
22.4007
21.097
19.6826
18.3573
17.5151
17.0176
16.5404
15.8621
15.5517
15.399
15.0478
14.7424
14.4591
14.0407
13.8161
13.6476
13.7111
13.5457
13.5492
13.2847
12.961
12.4308
12.0998
11.908
11.8594
11.847
11.9911
12.0098
12.0198
12.252
12.2126
12.1434
11.9439
11.8966
11.7305
11.7036
11.66
11.5241
11.2751
11.1604
11.1636
11.0872
11.2802
11.1384
10.9973
10.9323
10.7513
10.5791
10.4563
10.2913
10.1989
10.0532
9.99248
10.0506
10.1347
10.1717
10.2463
10.2859
10.3263
10.3073
10.3367
10.4854
10.5376
10.6948
10.6558
10.608
10.3096
9.99694
9.86851
9.7127
9.66659
9.62745
9.62185
9.62185
9.62185
9.62185
9.62185
9.62185
9.62185
9.73014
9.63378
9.62185
9.62185
9.62185
9.627
9.66561
9.63918
9.62199
9.62264
9.62185
9.62185
9.62185
9.62606
9.65335
9.62377
9.64021
