0     32.2019
1     32.5733
2     29.8664
3     33.9999
4     30.0728
5     28.0148
6     27.3733
7     23.7398
8     32.0233
9     34.5775
10     33.4567
11     31.497
12     27.5621
13     27.8012
14     31.7059
15     29.0873
16     32.0403
17     27.2025
18     32.2014
19     32.6948
20     37.1174
21     31.3462
22     25.488
23     33.5097
24     25.9532
25     29.0866
26     30.0533
27     35.5472
28     27.1391
29     32.3642
30     27.4843
31     26.464
32     34.9664
33     26.4584
34     32.6185
35     32.2648
36     31.1535
37     31.4496
38     32.3041
39     29.4374
40     29.0669
41     33.5873
42     31.7604
43     29.7398
44     31.0424
45     35.3952
46     31.1973
47     27.7071
48     38.8183
49     33.3508
50     28.9938
51     30.0188
52     30.9683
53     34.7016
54     30.4175
55     31.4125
56     34.1238
57     29.7792
58     35.3689
59     30.2216
60     29.6653
61     26.2352
62     29.9129
63     32.9728
64     26.5666
65     29.5541
66     23.144
67     29.3378
68     26.184
69     30.156
70     27.7379
71     33.8644
72     29.996
73     28.1583
74     30.609
75     33.1614
76     30.7611
77     29.8125
78     32.0012
79     33.8285
80     30.1782
81     32.5716
82     25.2111
83     28.2118
84     29.8536
85     28.0053
86     32.831
87     34.9458
88     30.4818
89     28.5514
90     30.7236
91     29.5047
92     22.2079
93     29.0852
94     29.1946
95     31.4979
96     31.6692
97     28.6056
98     35.6875
99     30.9073
100     37.2921
101     31.6622
102     35.4137
103     31.7918
104     26.7442
105     29.4633
106     27.2869
107     26.3965
108     30.4358
109     26.4983
110     32.4506
111     25.6689
112     31.4239
113     23.521
114     32.0523
115     36.6399
116     26.0262
117     27.8639
118     27.8793
119     32.9554
120     34.8073
121     35.4826
122     26.8872
123     24.8418
124     29.7506
125     29.9585
126     27.7999
127     30.9755
128     32.1792
129     29.665
130     26.9915
131     28.9467
132     31.4806
133     24.6636
134     28.54
135     34.9703
136     35.1549
137     27.2316
138     30.6958
139     27.7567
140     34.7376
141     34.3992
142     28.9276
143     24.1184
144     26.3383
145     32.1764
146     31.5374
147     27.2053
148     26.6934
149     27.3495
150     24.4569
151     31.6979
152     27.9797
153     29.9467
154     29.5968
155     25.0801
156     28.1693
157     27.0351
158     31.6269
159     27.2101
160     27.2238
161     28.657
162     33.0749
163     24.4448
164     38.7929
165     25.2589
166     22.5005
167     30.1887
168     26.3696
169     28.5436
170     24.6697
171     29.533
172     27.5425
173     27.0314
174     26.4554
175     21.7549
176     27.3188
177     28.5903
178     31.464
179     29.1833
180     29.5777
181     35.5349
182     31.4713
183     33.6928
184     28.694
185     33.8558
186     32.4567
187     33.4365
188     23.2877
189     20.7831
190     35.5401
191     31.9508
192     27.3891
193     23.8734
194     31.8282
195     25.9216
196     30.7851
197     28.2001
198     25.6368
199     31.7615
200     24.1208
201     29.9584
202     28.5801
203     30.2458
204     27.1867
205     31.9104
206     33.254
207     31.6364
208     33.7024
209     24.9449
210     26.2514
211     30.7159
212     31.5494
213     26.1769
214     29.6125
215     27.1577
216     33.3525
217     27.2528
218     31.0664
219     37.8004
220     30.0572
221     33.0897
222     31.3181
223     26.6523
224     25.8456
225     30.749
226     26.8804
227     31.3427
228     31.652
229     22.7973
230     32.3195
231     30.681
232     28.91
233     23.8619
234     27.0809
235     27.9226
236     22.8016
237     28.1314
238     32.0267
239     26.5348
240     24.7018
241     31.3602
242     27.2415
243     27.3497
244     20.9151
245     24.904
246     29.8858
247     30.3567
248     29.6155
249     24.6444
250     28.7525
251     34.509
252     36.3121
253     29.3287
254     22.4032
255     31.6266
256     31.4905
257     29.4345
258     32.0501
259     29.1667
260     36.4348
261     29.8815
262     31.6438
263     34.1563
264     22.2845
265     28.0803
266     27.8855
267     23.986
268     32.7269
269     28.7366
270     27.3655
271     27.7246
272     29.5086
273     32.2135
274     25.0984
275     30.942
276     30.7181
277     31.8461
278     32.5434
279     25.077
280     31.5754
281     31.7595
282     26.6433
283     30.4964
284     32.1489
285     28.4888
286     27.5124
287     25.9173
288     28.0919
289     25.7599
290     30.4689
291     28.647
292     25.9645
293     26.8615
294     28.9012
295     26.7919
296     27.9384
297     27.3353
298     31.7681
299     29.207
300     24.6293
301     19.737
302     30.9332
303     25.964
304     24.8839
305     25.5383
306     28.5421
307     29.1576
308     27.6774
309     26.1612
310     20.3444
311     26.7428
312     29.1374
313     20.9352
314     30.3033
315     34.0346
316     26.5128
317     27.2878
318     28.6121
319     30.7824
320     22.804
321     30.8944
322     32.2889
323     30.1113
324     25.6773
325     27.2167
326     29.7475
327     25.8561
328     29.6633
329     25.6338
330     25.1576
331     23.5379
332     24.9749
333     26.9243
334     30.4374
335     22.929
336     26.517
337     25.2322
338     28.9863
339     22.2536
340     27.2794
341     30.9933
342     19.4666
343     29.0506
344     27.8779
345     31.4805
346     26.0117
347     26.6359
348     22.6526
349     22.2777
350     33.3646
351     28.5056
352     26.6079
353     28.2215
354     25.6598
355     22.201
356     28.0961
357     27.0575
358     33.5726
359     24.8615
360     25.2411
361     21.2113
362     29.9289
363     33.5222
364     25.9732
365     23.5122
366     29.5437
367     27.2878
368     27.8111
369     24.8578
370     25.5776
371     25.8403
372     26.5946
373     30.3976
374     21.7701
375     25.4518
376     25.8017
377     28.2112
378     30.673
379     22.8309
380     25.6337
381     24.9653
382     22.8074
383     22.8684
384     22.8179
385     22.2308
386     24.4081
387     30.2769
388     26.3989
389     23.8599
390     26.7176
391     26.5423
392     28.7646
393     26.0524
394     23.4872
395     24.803
396     26.0416
397     24.4544
398     20.5575
399     27.3997
400     24.8995
401     26.0634
402     25.42
403     26.6268
404     28.4484
405     29.1376
406     27.1064
407     26.0904
408     29.7382
409     29.7285
410     24.4832
411     22.4208
412     21.9728
413     28.7057
414     24.0756
415     26.6046
416     32.7919
417     28.0741
418     29.4138
419     23.7289
420     22.8046
421     25.3275
422     22.5343
423     20.8602
424     30.3835
425     23.6891
426     26.7626
427     23.2536
428     26.1152
429     21.4155
430     20.7717
431     21.7576
432     26.1178
433     23.3038
434     24.3428
435     23.2196
436     28.132
437     25.0412
438     19.2577
439     23.9144
440     24.1856
441     30.2935
442     22.2616
443     21.256
444     24.747
445     29.0019
446     27.022
447     28.9366
448     23.1332
449     33.0215
450     21.7499
451     18.5138
452     22.544
453     21.941
454     23.5888
455     18.5629
456     21.0739
457     25.2032
458     25.5262
459     21.1779
460     21.8577
461     26.1164
462     28.2691
463     25.8582
464     23.6709
465     21.7985
466     21.8842
467     27.1289
468     28.7557
469     21.2434
470     25.2612
471     26.2526
472     27.3548
473     22.0639
474     25.522
475     25.498
476     28.9539
477     19.3466
478     23.6292
479     24.3276
480     23.6578
481     24.5824
482     28.2014
483     28.6969
484     21.0305
485     23.9895
486     23.9086
487     22.9722
488     25.3511
489     24.0934
490     26.2703
491     22.0684
492     25.3361
493     21.1661
494     19.6334
495     22.7356
496     24.5742
497     22.4129
498     28.2641
499     27.0622
500     21.7611
501     24.0871
502     23.2584
503     25.1064
504     21.1372
505     27.8515
506     24.5721
507     22.1698
508     22.6807
509     24.8612
510     23.1912
511     25.0241
512     27.0661
513     22.8197
514     23.7712
515     24.5108
516     23.9521
517     23.863
518     25.4265
519     25.7858
520     20.9699
521     25.5484
522     27.6218
523     21.6932
524     22.1851
525     20.626
526     22.744
527     21.4297
528     19.4878
529     21.8015
530     22.3963
531     20.7796
532     25.1501
533     18.3523
534     19.8998
535     21.3301
536     20.5717
537     21.501
538     23.806
539     20.8649
540     21.1541
541     21.9347
542     17.9906
543     26.3766
544     24.6065
545     22.3532
546     22.545
547     21.6141
548     18.2309
549     21.0289
550     24.2232
551     26.0919
552     23.004
553     20.6323
554     25.6701
555     23.7564
556     21.8733
557     21.9779
558     23.9856
559     23.1241
560     24.3153
561     27.6624
562     28.367
563     20.6312
564     19.5678
565     19.6829
566     25.2341
567     24.6153
568     15.8079
569     25.0699
570     26.1558
571     18.8384
572     29.5572
573     21.4941
574     19.8761
575     17.2634
576     26.9013
577     23.9113
578     22.3291
579     25.431
580     22.121
581     20.8841
582     20.3592
583     22.8286
584     22.2714
585     20.2429
586     23.4187
587     20.6601
588     22.891
589     24.8758
590     23.2313
591     19.7516
592     24.8411
593     19.8203
594     20.3699
595     26.2158
596     16.0845
597     21.5407
598     23.1427
599     16.4339
600     19.8009
601     23.6645
602     18.9448
603     21.2173
604     19.2455
605     15.9944
606     18.547
607     20.9
608     18.395
609     22.2324
610     13.7767
611     19.4532
612     20.5724
613     21.3837
614     22.0058
615     24.9007
616     19.2869
617     16.9262
618     16.8681
619     16.9015
620     18.6324
621     18.1876
622     22.6196
623     23.3384
624     22.9255
625     22.0506
626     23.8465
627     23.3375
628     20.1941
629     25.6406
630     18.491
631     17.1675
632     20.34
633     17.3749
634     21.2963
635     24.5079
636     19.2067
637     15.0149
638     19.4226
639     21.6148
640     17.9595
641     18.8785
642     17.2484
643     15.6084
644     23.6054
645     18.1749
646     18.4431
647     16.7701
648     18.9079
649     17.8689
650     18.299
651     21.5598
652     18.0779
653     12.8399
654     16.5831
655     25.1626
656     23.1964
657     17.8296
658     22.4187
659     19.5012
660     14.7882
661     19.7787
662     18.1054
663     21.4051
664     17.1201
665     23.4238
666     20.6208
667     15.9987
668     19.8887
669     16.5035
670     19.3465
671     16.2371
672     21.4099
673     19.4645
674     15.9144
675     16.9485
676     15.3408
677     11.4877
678     20.7403
679     22.0497
680     14.611
681     20.6822
682     19.531
683     16.5485
684     21.7401
685     17.2281
686     16.4736
687     14.4031
688     15.645
689     18.3546
690     19.4337
691     22.0934
692     17.499
693     18.8338
694     16.0707
695     15.1235
696     20.0468
697     19.913
698     19.2271
699     19.7209
700     14.1561
701     15.1523
702     17.8225
703     16.3414
704     10.0956
705     15.6071
706     17.1624
707     16.7932
708     16.8864
709     17.1708
710     19.9151
711     15.1966
712     17.5915
713     13.6074
714     17.6842
715     18.3324
716     16.4585
717     16.4315
718     12.6018
719     17.4547
720     20.6848
721     12.9646
722     20.3212
723     18.7175
724     18.6091
725     18.5641
726     16.299
727     16.2714
728     20.2724
729     15.1011
730     16.4638
731     15.9822
732     14.992
733     19.0492
734     11.5506
735     13.6516
736     14.2969
737     19.0749
738     19.6812
739     17.7114
740     14.0674
741     18.391
742     14.2406
743     11.0314
744     16.3482
745     13.194
746     12.9068
747     13.8403
748     11.0243
749     13.8157
750     17.8386
751     18.813
752     16.3671
753     14.4489
754     16.3107
755     15.7579
756     12.0662
757     18.4098
758     14.2546
759     13.8896
760     16.1342
761     14.8324
762     15.7034
763     14.1518
764     14.1461
765     13.8533
766     17.0105
767     12.612
768     17.3484
769     15.6064
770     17.9296
771     16.4739
772     12.5582
773     13.1121
774     16.2363
775     11.711
776     12.8235
777     13.9002
778     10.2616
779     16.8873
780     15.0373
781     14.1172
782     15.9814
783     16.0679
784     15.7782
785     12.1902
786     14.0814
787     11.6245
788     12.417
789     14.1819
790     15.4995
791     12.8689
792     14.7025
793     15.4299
794     14.6392
795     10.3448
796     11.3886
797     13.5243
798     16.8544
799     11.5237
800     14.0112
801     14.0382
802     12.4731
803     12.2291
804     13.2846
805     15.9218
806     14.842
807     16.362
808     14.6261
809     13.4089
810     14.066
811     14.046
812     15.5247
813     12.2063
814     14.6175
815     12.4825
816     13.5023
817     14.7326
818     13.1419
819     9.31289
820     14.5085
821     12.5971
822     11.592
823     14.0939
824     12.0427
825     13.2852
826     11.0655
827     13.6715
828     13.5888
829     12.9825
830     13.4929
831     10.0283
832     14.87
833     10.6238
834     15.0262
835     13.5316
836     12.1535
837     14.3957
838     12.3565
839     12.8235
840     16.0679
841     13.2048
842     12.4788
843     11.8337
844     13.9692
845     11.3488
846     11.4614
847     10.8692
848     11.4919
849     14.1166
850     12.0576
851     13.3792
852     11.9823
853     13.1055
854     11.8418
855     13.4367
856     15.0069
857     13.085
858     12.0471
859     12.4316
860     12.8025
861     11.4224
862     10.5283
863     10.813
864     12.7405
865     9.55859
866     8.94559
867     9.90978
868     9.68574
869     11.6287
870     11.2105
871     8.81947
872     8.79319
873     8.8788
874     8.87619
875     12.5636
876     11.3801
877     9.25872
878     9.72344
879     10.012
880     9.7473
881     9.72344
882     9.0318
883     9.2968
884     9.82204
885     9.91481
886     11.1778
887     10.7629
888     10.7629
889     11.3336
890     9.89538
891     9.89538
892     10.5573
893     8.36783
894     8.69796
895     9.98046
896     9.50597
897     9.40639
898     9.91403
899     9.11537
900     8.46546
901     10.6476
902     9.62771
903     9.44041
904     10.896
905     10.9842
906     10.9903
907     11.1693
908     10.7759
909     10.8626
910     8.14116
911     8.23407
912     8.30523
913     8.23434
914     8.53748
915     7.62384
916     7.63025
917     7.711
918     7.62846
919     7.52266
920     7.71252
921     7.94793
922     7.54825
923     7.63521
924     7.94267
925     7.63005
926     7.53516
927     7.63475
928     7.54805
929     7.62365
930     7.62853
931     7.72501
932     7.62365
933     7.81198
934     7.80549
935     7.53536
936     7.63475
937     7.71212
938     7.71232
939     7.53536
940     7.63502
941     7.62365
942     7.62365
943     7.63502
944     7.62826
945     7.89916
946     7.82792
947     7.49567
948     7.40277
949     7.40257
950     7.49106
951     7.49567
952     7.40277
953     7.40277
954     7.49567
955     7.41546
956     7.38988
957     7.40257
958     7.40277
959     7.38988
960     7.40257
961     7.40257
962     7.38988
963     7.38988
964     7.38988
965     7.38988
966     7.49746
967     7.40277
968     7.49746
969     7.38988
970     7.41546
971     7.49746
972     7.38988
973     7.40277
974     7.40277
975     7.40257
976     7.38988
977     7.38988
978     7.40277
979     7.40277
980     7.40277
981     7.41546
982     7.41546
983     7.40277
984     7.40277
985     7.40277
986     7.40277
987     7.40277
988     7.41546
989     7.40277
990     7.40277
991     7.40277
992     7.40277
993     7.40277
994     7.41546
995     7.41546
996     7.40277
997     7.40277
998     7.40277
999     7.40277
