36.1922
33.9898
31.9418
30.1991
28.7459
27.4806
26.0907
24.5134
22.9135
21.7437
21.0461
20.3597
19.2894
18.8739
18.6725
18.2874
18.0352
17.7547
17.1267
16.4749
15.4761
14.8788
14.1943
13.8555
13.405
13.1433
12.7868
12.6205
12.4707
12.1793
11.8406
11.4872
10.9892
10.6456
10.5953
10.5351
10.4539
10.1764
9.77799
9.43183
9.20594
9.15554
9.10297
9.0644
8.95788
8.7973
8.59641
8.49758
8.41235
8.33165
8.33781
8.32237
8.31253
8.27686
8.10166
7.87962
7.59196
7.48473
7.45206
7.41073
7.39342
7.41068
7.44608
7.59103
7.57959
7.85914
8.19821
8.42279
8.60557
8.76015
9.02446
8.98662
9.01671
8.93782
8.51511
8.46097
8.36434
8.38653
8.17608
8.15861
7.91667
7.96495
8.21475
8.02685
8.15506
8.19714
7.98434
8.15704
8.05555
8.13016
8.23844
8.03484
8.14283
8.11767
8.03935
7.82326
7.89678
8.02389
8.01136
7.90831
7.93818
