21.8913
20.9226
20.9226
19.4769
16.7249
16.7249
16.4548
15.6459
15.6459
15.6459
15.0081
15.0081
14.4315
14.4315
13.7393
13.7393
13.4347
13.4347
12.9919
12.9919
12.8169
12.6398
12.4647
11.5259
11.5259
11.5259
11.3071
10.8495
10.8495
10.8495
10.7093
10.7093
10.6307
10.6307
10.5816
10.4708
10.422
10.2621
10.2621
10.2621
10.2072
10.0985
10.0985
10.0985
10.0854
10.0854
9.96731
9.96731
9.96731
9.96731
9.96731
9.96731
9.90314
9.90314
9.90314
9.80763
9.80763
9.80763
9.80763
9.80763
9.74626
9.74626
9.74626
9.69437
9.69437
9.69437
9.67374
9.62185
9.62185
9.62185
9.62185
9.62185
9.62185
9.62185
9.62185
9.62185
9.62185
9.62185
9.62185
9.62185
9.62185
9.62185
9.62185
9.62185
9.62185
9.62185
9.62185
9.62185
9.62185
9.62185
9.62185
9.62185
9.62185
9.62185
9.62185
9.62185
9.62185
9.62185
9.62185
9.62185
9.62185
