-1 -3.96214 0
0 -3.9531 0.00903467
1 -3.94578 0.0089943
2 -3.94537 0.0063727
3 -3.94668 0.00510561
4 -3.94739 0.00422964
5 -3.94752 0.00357697
6 -3.9474 0.00309994
7 -3.94785 0.00276933
8 -3.94825 0.00250933
9 -3.94833 0.00227138
10 -3.94862 0.00209287
11 -3.94891 0.00194672
12 -3.94907 0.00181014
13 -3.94917 0.00168797
14 -3.94925 0.00158108
15 -3.94927 0.00148527
16 -3.94942 0.00140804
17 -3.94955 0.00133806
18 -3.94973 0.00128245
19 -3.94992 0.0012349
20 -3.95 0.00118
21 -3.95002 0.00112778
22 -3.95022 0.00109725
23 -3.95028 0.00105403
24 -3.95026 0.00101279
25 -3.95017 0.000978462
26 -3.95018 0.000942881
27 -3.95016 0.000910066
28 -3.95005 0.000885072
29 -3.95002 0.000856555
30 -3.94997 0.000830845
31 -3.94993 0.00080672
32 -3.94986 0.000785663
33 -3.94978 0.000766406
34 -3.94977 0.000744989
35 -3.94981 0.000725867
36 -3.94982 0.000706532
37 -3.94976 0.00069021
38 -3.94977 0.000672739
39 -3.94978 0.000656209
40 -3.94976 0.000640565
41 -3.94979 0.000626039
42 -3.94987 0.000616826
43 -3.94994 0.000607425
44 -3.94999 0.000595951
45 -3.95 0.000583267
46 -3.95 0.000570992
47 -3.95002 0.000559477
48 -3.95007 0.000550811
49 -3.9501 0.000540601
50 -3.95019 0.000538222
51 -3.95024 0.000529883
52 -3.95027 0.00052133
53 -3.95035 0.000517093
54 -3.95041 0.000512025
55 -3.95045 0.000504141
56 -3.95045 0.000495435
57 -3.95044 0.00048713
58 -3.95044 0.00047896
59 -3.95044 0.000471043
60 -3.95042 0.000463599
61 -3.95045 0.000456828
62 -3.95048 0.000451031
63 -3.9505 0.000444561
64 -3.95055 0.000439883
65 -3.95058 0.000434412
66 -3.95064 0.000432645
67 -3.95072 0.00043411
68 -3.95078 0.00043206
69 -3.95082 0.000427585
70 -3.95083 0.000421743
71 -3.95086 0.000416911
72 -3.95086 0.000411273
73 -3.95086 0.000405786
74 -3.9509 0.000402139
75 -3.95093 0.000397992
76 -3.95097 0.000394643
77 -3.95097 0.000389719
78 -3.95097 0.000384824
79 -3.95098 0.00038011
80 -3.95098 0.000375458
81 -3.95099 0.000371081
82 -3.951 0.000366824
83 -3.95099 0.000362651
84 -3.95095 0.000360041
85 -3.95094 0.000356175
86 -3.95094 0.00035212
87 -3.95092 0.000348885
88 -3.95091 0.000345296
89 -3.9509 0.000341482
90 -3.95094 0.000339419
91 -3.95097 0.000336888
92 -3.95095 0.000333896
93 -3.95093 0.000330903
94 -3.9509 0.000328669
95 -3.95085 0.000328332
96 -3.95083 0.000326173
97 -3.95079 0.00032463
98 -3.95073 0.000326378
100 -3.59179 0
101 -3.59305 0.00126064
102 -3.59322 0.000746677
103 -3.59376 0.000753355
104 -3.59401 0.000635912
105 -3.59369 0.000606439
106 -3.5932 0.000708731
107 -3.59289 0.000689012
108 -3.59281 0.000613522
109 -3.59255 0.000605227
110 -3.59235 0.000582639
111 -3.59229 0.000535909
112 -3.59231 0.000493419
113 -3.59232 0.000457102
114 -3.59237 0.000427815
115 -3.59266 0.000495187
116 -3.59279 0.000482748
117 -3.59292 0.000474087
118 -3.59313 0.000495733
119 -3.59322 0.000479202
120 -3.59323 0.000455846
121 -3.5934 0.000466245
122 -3.5935 0.000457483
123 -3.59357 0.000443053
124 -3.59362 0.000427769
125 -3.59375 0.000431338
126 -3.59377 0.00041556
127 -3.59381 0.000402207
128 -3.59395 0.000413253
129 -3.59401 0.000403871
130 -3.59401 0.000390636
131 -3.59408 0.000385451
132 -3.59425 0.00040977
133 -3.59445 0.00044334
134 -3.59456 0.000445579
135 -3.59464 0.000439239
136 -3.59467 0.000428533
137 -3.59475 0.000424029
138 -3.59479 0.000415466
139 -3.59483 0.000407156
140 -3.59485 0.000397291
141 -3.59489 0.000390312
142 -3.59504 0.000407897
143 -3.59514 0.000411675
144 -3.59512 0.000402773
145 -3.59509 0.000395285
146 -3.59512 0.000388203
147 -3.59522 0.000393399
148 -3.5953 0.000392067
149 -3.59537 0.000391181
150 -3.59543 0.000388395
151 -3.59547 0.000382436
152 -3.59551 0.000377186
153 -3.5956 0.000382989
154 -3.59568 0.000382798
155 -3.59571 0.000377188
156 -3.59571 0.000370511
157 -3.59571 0.000364079
158 -3.5957 0.000357862
159 -3.59574 0.000354349
160 -3.59573 0.000348887
161 -3.59571 0.000343625
162 -3.59575 0.000340305
163 -3.59579 0.000337034
164 -3.59581 0.000332289
165 -3.59578 0.000328178
166 -3.59578 0.000323245
167 -3.59577 0.000318538
168 -3.59578 0.000314085
169 -3.59581 0.000310922
170 -3.59584 0.000307878
171 -3.59588 0.000306028
172 -3.59591 0.000303084
173 -3.59594 0.000301162
174 -3.59597 0.000298376
175 -3.596 0.000295472
176 -3.59601 0.00029193
177 -3.59601 0.000288209
178 -3.596 0.000284852
179 -3.59596 0.000284205
180 -3.59593 0.000282868
181 -3.59592 0.000279477
182 -3.59594 0.000277106
183 -3.59598 0.000276828
184 -3.59602 0.000276632
185 -3.59605 0.000274503
186 -3.59604 0.000271632
187 -3.59606 0.000269595
188 -3.5961 0.000268866
189 -3.59611 0.000266134
190 -3.59615 0.000267185
191 -3.59621 0.000271286
192 -3.59626 0.000272498
193 -3.59628 0.000270353
194 -3.5963 0.000268327
195 -3.59636 0.000271001
196 -3.5964 0.000271243
197 -3.59643 0.000270676
198 -3.59645 0.000268676
199 -3.59648 0.000267856
200 1.76816 0
201 1.76814 1.92896e-05
202 1.76806 8.01077e-05
203 1.76796 0.000114776
204 1.76787 0.00012811
205 1.76779 0.000131926
206 1.76772 0.000131676
207 1.76765 0.000130968
208 1.76759 0.000130339
209 1.76753 0.000130434
210 1.76749 0.00012709
211 1.76747 0.000116739
212 1.76745 0.00011026
213 1.76741 0.000108522
214 1.76741 0.000101072
215 1.76736 0.00010912
216 1.76736 0.000102569
217 1.76735 9.72213e-05
218 1.76734 9.26548e-05
219 1.76732 8.88711e-05
220 1.76731 8.50941e-05
221 1.76732 8.15178e-05
222 1.76731 7.84153e-05
223 1.7673 7.68366e-05
224 1.76729 7.38646e-05
225 1.76729 7.09673e-05
226 1.76728 6.93691e-05
227 1.76728 6.68859e-05
228 1.76728 6.4642e-05
229 1.76727 6.38772e-05
230 1.76726 6.20661e-05
231 1.76727 6.06993e-05
232 1.76726 6.03202e-05
233 1.76728 6.24982e-05
234 1.76726 6.33228e-05
235 1.76726 6.15995e-05
236 1.76726 5.99135e-05
237 1.76726 5.84188e-05
238 1.76726 5.69012e-05
239 1.76727 5.76461e-05
240 1.76727 5.66072e-05
241 1.76726 5.55997e-05
242 1.76726 5.46255e-05
243 1.76726 5.33849e-05
244 1.76726 5.21854e-05
245 1.76726 5.11776e-05
246 1.76726 5.02416e-05
247 1.76727 4.96738e-05
248 1.76727 4.865e-05
249 1.76726 4.83738e-05
250 1.76727 4.75143e-05
251 1.76726 4.6609e-05
252 1.76726 4.57213e-05
253 1.76726 4.48667e-05
254 1.76726 4.41362e-05
255 1.76726 4.33417e-05
256 1.76726 4.25843e-05
257 1.76725 4.23643e-05
258 1.76725 4.17262e-05
259 1.76726 4.1616e-05
260 1.76725 4.20553e-05
261 1.76725 4.14173e-05
262 1.76724 4.13147e-05
263 1.76724 4.09318e-05
264 1.76724 4.03356e-05
265 1.76724 3.97219e-05
266 1.76724 3.96371e-05
267 1.76723 4.13262e-05
268 1.76724 4.09195e-05
269 1.76724 4.03507e-05
270 1.76723 4.07942e-05
271 1.76723 4.05075e-05
272 1.76723 3.99489e-05
273 1.76723 3.94339e-05
274 1.76723 3.92044e-05
275 1.76722 3.87158e-05
276 1.76722 3.82262e-05
277 1.76723 3.81572e-05
278 1.76723 3.77058e-05
279 1.76722 3.74121e-05
280 1.76722 3.72135e-05
281 1.76722 3.70251e-05
282 1.76722 3.66158e-05
283 1.76722 3.62091e-05
284 1.76722 3.5812e-05
285 1.76722 3.55241e-05
286 1.76722 3.5114e-05
287 1.76723 3.47489e-05
288 1.76723 3.45182e-05
289 1.76723 3.41594e-05
290 1.76723 3.38031e-05
291 1.76723 3.34738e-05
292 1.76723 3.31138e-05
293 1.76723 3.27618e-05
294 1.76723 3.24337e-05
295 1.76723 3.21205e-05
296 1.76723 3.18403e-05
297 1.76723 3.15514e-05
298 1.76722 3.14003e-05
299 1.76723 3.19922e-05
300 -4.70757 0
301 -4.69793 0.00963908
302 -4.69841 0.00558564
303 -4.6985 0.00395068
304 -4.6987 0.00306647
305 -4.69918 0.0025499
306 -4.69948 0.00217548
307 -4.6996 0.00188766
308 -4.69979 0.00167646
309 -4.69986 0.00150113
310 -4.69987 0.00135787
311 -4.7001 0.00125913
312 -4.70034 0.00118462
313 -4.70061 0.00112942
314 -4.70079 0.00106679
315 -4.70089 0.00100287
316 -4.70099 0.000946899
317 -4.70104 0.000893992
318 -4.70119 0.000859101
319 -4.70129 0.000821525
320 -4.70134 0.000783205
321 -4.70144 0.000753247
322 -4.70153 0.000725391
323 -4.7016 0.000697754
324 -4.7016 0.000669266
325 -4.70165 0.000644784
326 -4.70174 0.000627566
327 -4.70185 0.000615025
328 -4.70196 0.000603744
329 -4.70201 0.000585427
330 -4.70192 0.000574587
331 -4.70185 0.000560813
332 -4.70177 0.000548971
333 -4.70175 0.000532862
334 -4.70175 0.000517414
335 -4.7018 0.000505437
336 -4.70185 0.000493956
337 -4.70193 0.00048698
338 -4.70196 0.000475169
339 -4.70197 0.000463406
340 -4.70201 0.000453817
341 -4.70208 0.000448308
342 -4.70208 0.000437804
343 -4.70208 0.000427744
344 -4.70209 0.000418244
345 -4.70209 0.000409052
346 -4.70205 0.000402
347 -4.70202 0.000394755
348 -4.70196 0.000390859
349 -4.7019 0.000388564
350 -4.70188 0.000381159
351 -4.70187 0.000374006
352 -4.70184 0.00036839
353 -4.70182 0.000361846
354 -4.7018 0.000355511
355 -4.7018 0.000349133
356 -4.70173 0.000349826
357 -4.70169 0.00034649
358 -4.70163 0.000344713
359 -4.7016 0.000340512
360 -4.70157 0.000336608
361 -4.70151 0.00033536
362 -4.70144 0.000337327
363 -4.70139 0.000336623
364 -4.70136 0.000332591
365 -4.70136 0.000327557
366 -4.70135 0.000322631
367 -4.70138 0.000318939
368 -4.70136 0.000315061
369 -4.70133 0.000311958
370 -4.70131 0.000308215
371 -4.7013 0.000304125
372 -4.7013 0.000299986
373 -4.70131 0.000295925
374 -4.7013 0.000291974
375 -4.7013 0.000288106
376 -4.70134 0.000286701
377 -4.70139 0.00028756
378 -4.70137 0.000284387
379 -4.70138 0.00028084
380 -4.70138 0.000277355
381 -4.70139 0.000274403
382 -4.70138 0.000271319
383 -4.70135 0.000269451
384 -4.70134 0.000266822
385 -4.70133 0.000263741
386 -4.70135 0.000261037
387 -4.70138 0.000260081
388 -4.70138 0.00025722
389 -4.70142 0.000256359
390 -4.70146 0.000256578
391 -4.70149 0.000255997
392 -4.70149 0.000253283
393 -4.70151 0.000251089
394 -4.70153 0.000249177
395 -4.70156 0.0002482
396 -4.7016 0.000248713
397 -4.70161 0.00024631
398 -4.70163 0.000244913
399 -4.70165 0.000243403
400 -4.70757 0
401 -4.69793 0.00963908
402 -4.69841 0.00558564
403 -4.6985 0.00395068
404 -4.6987 0.00306647
405 -4.69918 0.0025499
406 -4.69948 0.00217548
407 -4.6996 0.00188766
408 -4.69979 0.00167646
409 -4.69986 0.00150113
410 -4.69987 0.00135787
411 -4.7001 0.00125913
412 -4.70034 0.00118462
413 -4.70061 0.00112942
414 -4.70079 0.00106679
415 -4.70089 0.00100287
416 -4.70099 0.000946899
417 -4.70104 0.000893992
418 -4.70119 0.000859101
419 -4.70129 0.000821525
420 -4.70134 0.000783205
421 -4.70144 0.000753247
422 -4.70153 0.000725391
423 -4.7016 0.000697754
424 -4.7016 0.000669266
425 -4.70165 0.000644784
426 -4.70174 0.000627566
427 -4.70185 0.000615025
428 -4.70196 0.000603744
429 -4.70201 0.000585427
430 -4.70192 0.000574587
431 -4.70185 0.000560813
432 -4.70177 0.000548971
433 -4.70175 0.000532862
434 -4.70175 0.000517414
435 -4.7018 0.000505437
436 -4.70185 0.000493956
437 -4.70193 0.00048698
438 -4.70196 0.000475169
439 -4.70197 0.000463406
440 -4.70201 0.000453817
441 -4.70208 0.000448308
442 -4.70208 0.000437804
443 -4.70208 0.000427744
444 -4.70209 0.000418244
445 -4.70209 0.000409052
446 -4.70205 0.000402
447 -4.70202 0.000394755
448 -4.70196 0.000390859
449 -4.7019 0.000388564
450 -4.70188 0.000381159
451 -4.70187 0.000374006
452 -4.70184 0.00036839
453 -4.70182 0.000361846
454 -4.7018 0.000355511
455 -4.7018 0.000349133
456 -4.70173 0.000349826
457 -4.70169 0.00034649
458 -4.70163 0.000344713
459 -4.7016 0.000340512
460 -4.70157 0.000336608
461 -4.70151 0.00033536
462 -4.70144 0.000337327
463 -4.70139 0.000336623
464 -4.70136 0.000332591
465 -4.70136 0.000327557
466 -4.70135 0.000322631
467 -4.70138 0.000318939
468 -4.70136 0.000315061
469 -4.70133 0.000311958
470 -4.70131 0.000308215
471 -4.7013 0.000304125
472 -4.7013 0.000299986
473 -4.70131 0.000295925
474 -4.7013 0.000291974
475 -4.7013 0.000288106
476 -4.70134 0.000286701
477 -4.70139 0.00028756
478 -4.70137 0.000284387
479 -4.70138 0.00028084
480 -4.70138 0.000277355
481 -4.70139 0.000274403
482 -4.70138 0.000271319
483 -4.70135 0.000269451
484 -4.70134 0.000266822
485 -4.70133 0.000263741
486 -4.70135 0.000261037
487 -4.70138 0.000260081
488 -4.70138 0.00025722
489 -4.70142 0.000256359
490 -4.70146 0.000256578
491 -4.70149 0.000255997
492 -4.70149 0.000253283
493 -4.70151 0.000251089
494 -4.70153 0.000249177
495 -4.70156 0.0002482
496 -4.7016 0.000248713
497 -4.70161 0.00024631
498 -4.70163 0.000244913
499 -4.70165 0.000243403
