-1 2.37236 0
0 2.26779 0.10457
1 2.04463 0.231184
2 1.82464 0.274078
3 1.71027 0.241146
4 1.65693 0.203993
5 1.62141 0.176026
6 1.58546 0.156626
7 1.55762 0.140908
8 1.54078 0.127151
9 1.52359 0.11629
10 1.50797 0.107301
11 1.4969 0.0993219
12 1.48666 0.0925221
13 1.47739 0.0866315
14 1.46715 0.0816809
15 1.45534 0.0776293
16 1.44435 0.0740095
17 1.43432 0.0707204
18 1.42532 0.0676925
19 1.41925 0.0646743
20 1.41421 0.0618701
21 1.40625 0.0596516
22 1.4005 0.0574017
23 1.39823 0.0551045
24 1.39577 0.0529998
25 1.39176 0.0511561
26 1.38795 0.0494426
27 1.3864 0.0477325
28 1.38386 0.0461837
29 1.38042 0.0448009
30 1.378 0.043446
31 1.37535 0.0421923
32 1.37345 0.0409766
33 1.37179 0.0398231
34 1.36944 0.0387725
35 1.36895 0.0377133
36 1.37004 0.0367238
37 1.3688 0.0357914
38 1.365 0.0350914
39 1.36119 0.0344363
40 1.35787 0.03377
41 1.35394 0.0332091
42 1.35112 0.0325677
43 1.35086 0.0318368
44 1.35248 0.0311793
45 1.3539 0.0305416
46 1.35353 0.0299008
47 1.35079 0.0294118
48 1.34838 0.0289177
49 1.34613 0.0284348
50 1.34506 0.0279031
51 1.34531 0.0273727
52 1.34425 0.0268817
53 1.343 0.0264183
54 1.3422 0.0259545
55 1.34166 0.0255008
56 1.34138 0.0250589
57 1.34098 0.0246337
58 1.33999 0.0242399
59 1.33948 0.0238446
60 1.33864 0.023472
61 1.33809 0.0231029
62 1.33852 0.0227431
63 1.33835 0.0223911
64 1.3375 0.0220658
65 1.33609 0.0217797
66 1.33422 0.0215378
67 1.33323 0.0212468
68 1.33346 0.0209424
69 1.33406 0.0206538
70 1.33359 0.0203702
71 1.33302 0.0200973
72 1.33256 0.0198293
73 1.3314 0.0195974
74 1.33056 0.019356
75 1.32975 0.0191201
76 1.32979 0.0188734
77 1.32994 0.0186336
78 1.32906 0.0184201
79 1.32817 0.0182128
80 1.32775 0.0179944
81 1.32742 0.0177793
82 1.3275 0.0175665
83 1.32766 0.0173594
84 1.32733 0.0171596
85 1.32688 0.016967
86 1.32717 0.0167756
87 1.32791 0.0166025
88 1.32775 0.0164177
89 1.32663 0.016275
90 1.32542 0.0161425
91 1.32565 0.0159696
92 1.32595 0.0158017
93 1.32579 0.0156353
94 1.32544 0.0154755
95 1.32498 0.0153221
96 1.32516 0.0151661
97 1.32599 0.0150346
98 1.32641 0.0148896
100 1.59878 0
101 1.56243 0.0363553
102 1.52278 0.0448642
103 1.50212 0.037856
104 1.50649 0.0296474
105 1.50679 0.0242088
106 1.4994 0.0217554
107 1.48924 0.0214066
108 1.48071 0.0207141
109 1.47792 0.018737
110 1.47664 0.0169963
111 1.47346 0.0158379
112 1.47064 0.0148397
113 1.47119 0.0137502
114 1.47245 0.012862
115 1.47865 0.0135345
116 1.4857 0.0145382
117 1.48988 0.0143303
118 1.49505 0.0145077
119 1.49998 0.0146184
120 1.50093 0.0139375
121 1.50245 0.0133751
122 1.50481 0.0129966
123 1.50383 0.0124819
124 1.49968 0.0126708
125 1.49579 0.0127801
126 1.49257 0.0127111
127 1.48802 0.0130667
128 1.48707 0.0126439
129 1.48988 0.0125336
130 1.49084 0.0121605
131 1.48951 0.0118492
132 1.48799 0.0115845
133 1.48813 0.0112395
134 1.48982 0.0110444
135 1.4918 0.0109142
136 1.49276 0.0106583
137 1.49259 0.0103756
138 1.49279 0.0101082
139 1.4945 0.00999936
140 1.49584 0.00984341
141 1.49522 0.0096261
142 1.49412 0.00946401
143 1.49522 0.00931235
144 1.49591 0.0091287
145 1.49459 0.00902417
146 1.49166 0.00930566
147 1.48964 0.00933059
148 1.48985 0.00914076
149 1.4908 0.00900553
150 1.4919 0.00889568
151 1.49143 0.00873566
152 1.48936 0.00881585
153 1.48897 0.00865978
154 1.49059 0.0086541
155 1.49234 0.00867741
156 1.49289 0.00854155
157 1.49275 0.00839422
158 1.49238 0.00825894
159 1.49299 0.00814267
160 1.49468 0.00818524
161 1.49506 0.00806118
162 1.49602 0.00798995
163 1.49795 0.00809758
164 1.50008 0.00825221
165 1.50147 0.00824309
166 1.50211 0.00814431
167 1.50351 0.00814456
168 1.50438 0.00807266
169 1.50478 0.00796678
170 1.50457 0.00785653
171 1.50441 0.00774836
172 1.5052 0.00768263
173 1.5063 0.00765725
174 1.50739 0.0076326
175 1.5082 0.00757536
176 1.50869 0.00749185
177 1.50899 0.00740138
178 1.50939 0.00731822
179 1.50966 0.0072311
180 1.50897 0.00717457
181 1.50717 0.00731059
182 1.50513 0.00750455
183 1.50351 0.00758995
184 1.50297 0.00751963
185 1.50315 0.00743386
186 1.50271 0.00736134
187 1.5012 0.00743085
188 1.5003 0.00740154
189 1.4993 0.00738704
190 1.49858 0.00734122
191 1.49869 0.00726179
192 1.49916 0.00719851
193 1.49926 0.00712223
194 1.49867 0.00707153
195 1.49834 0.00700525
196 1.49864 0.00693936
197 1.49903 0.00687902
198 1.49914 0.0068102
199 1.49878 0.00675165
200 1.80012 0
201 1.80047 0.00034797
202 1.80108 0.000640407
203 1.802 0.00102474
204 1.8033 0.00152859
205 1.80512 0.00220037
206 1.80761 0.00311425
207 1.81106 0.00437729
208 1.81583 0.00613326
209 1.82236 0.00852932
210 1.83068 0.0113468
211 1.839 0.0132899
212 1.84479 0.0135268
213 1.853 0.0149722
214 1.85952 0.0153889
215 1.86774 0.0165742
216 1.87671 0.0179689
217 1.88349 0.018247
218 1.89072 0.0187135
219 1.89727 0.0189226
220 1.90408 0.0192462
221 1.90968 0.0191848
222 1.91454 0.0189652
223 1.91954 0.0188322
224 1.92459 0.0187561
225 1.92926 0.0186162
226 1.93392 0.0185102
227 1.93875 0.0184797
228 1.94265 0.018253
229 1.9469 0.0181378
230 1.95159 0.0181602
231 1.95586 0.0180943
232 1.95977 0.0179683
233 1.96327 0.0177791
234 1.96577 0.0174429
235 1.96945 0.0173471
236 1.97273 0.0171881
237 1.97607 0.0170586
238 1.97947 0.0169609
239 1.9816 0.0166678
240 1.98377 0.0164005
241 1.98589 0.0161454
242 1.98827 0.0159432
243 1.98944 0.0156206
244 1.99138 0.0153923
245 1.99302 0.015143
246 1.99475 0.0149182
247 1.9955 0.0146235
248 1.99592 0.0143281
249 1.99656 0.0140532
250 1.99749 0.0138062
251 1.99801 0.013548
252 1.99854 0.0133004
253 1.99884 0.0130553
254 1.99916 0.0128198
255 1.99952 0.0125939
256 1.99964 0.0123715
257 2.00012 0.0121658
258 2.00096 0.0119873
259 2.00163 0.011805
260 2.00189 0.0116128
261 2.00253 0.0114419
262 2.00316 0.0112762
263 2.00436 0.0111628
264 2.00571 0.0110724
265 2.00697 0.0109768
266 2.0077 0.0108362
267 2.00883 0.0107349
268 2.01017 0.0106628
269 2.01103 0.0105449
270 2.01233 0.0104757
271 2.01381 0.0104343
272 2.01469 0.0103279
273 2.01593 0.0102628
274 2.01706 0.0101884
275 2.01873 0.0101914
276 2.02043 0.010201
277 2.02188 0.0101728
278 2.02351 0.0101738
279 2.02453 0.0100977
280 2.02639 0.0101453
281 2.02833 0.0102053
282 2.02995 0.010212
283 2.03134 0.0101841
284 2.03304 0.0102066
285 2.03453 0.0101962
286 2.03579 0.0101578
287 2.03703 0.0101172
288 2.03803 0.0100529
289 2.0388 0.00997031
290 2.03949 0.00988446
291 2.04027 0.00980707
292 2.04108 0.00973512
293 2.04186 0.00966291
294 2.04249 0.0095812
295 2.0431 0.00950057
296 2.04378 0.0094265
297 2.0444 0.00935046
298 2.04486 0.00926704
299 2.04513 0.00917789
300 1.56989 0
301 1.28337 0.286527
302 1.12698 0.227646
303 1.07736 0.168443
304 1.03582 0.136929
305 1.01443 0.11383
306 0.999172 0.0974064
307 0.985772 0.085414
308 0.971002 0.0767624
309 0.957739 0.0699278
310 0.948324 0.0639489
311 0.938514 0.0591957
312 0.932239 0.0548125
313 0.931268 0.0507558
314 0.930607 0.0472557
315 0.927504 0.0443125
316 0.925429 0.041676
317 0.92312 0.0393603
318 0.919518 0.0374049
319 0.917552 0.0355398
320 0.914979 0.0339029
321 0.915354 0.0323273
322 0.913089 0.0309727
323 0.911027 0.0297257
324 0.909218 0.0285693
325 0.907682 0.0274914
326 0.905389 0.0265529
327 0.903261 0.0256753
328 0.902447 0.0247875
329 0.902533 0.0239471
330 0.900619 0.0232407
331 0.8987 0.0225845
332 0.895921 0.0220651
333 0.894177 0.0214772
334 0.89143 0.0210346
335 0.889312 0.0205514
336 0.887793 0.0200459
337 0.888477 0.0195233
338 0.888421 0.0190162
339 0.886909 0.0185962
340 0.885035 0.0182335
341 0.885567 0.0178021
342 0.886705 0.0174203
343 0.88497 0.017108
344 0.884401 0.0167332
345 0.883997 0.0163703
346 0.882673 0.0160729
347 0.880953 0.0158282
348 0.880648 0.0155048
349 0.87951 0.0152341
350 0.87728 0.015098
351 0.87631 0.0148365
352 0.874697 0.014643
353 0.873417 0.0144262
354 0.871925 0.0142398
355 0.871166 0.0140038
356 0.87072 0.0137632
357 0.869449 0.0135834
358 0.867098 0.0135566
359 0.864753 0.0135333
360 0.863326 0.013386
361 0.862719 0.0131823
362 0.861138 0.0130674
363 0.85997 0.0129145
364 0.85907 0.0127461
365 0.857523 0.0126465
366 0.855591 0.0126051
367 0.854299 0.0124854
368 0.853976 0.0123074
369 0.853985 0.0121303
370 0.85452 0.0119702
371 0.854478 0.0118029
372 0.85423 0.0116427
373 0.854179 0.0114844
374 0.854618 0.0113388
375 0.855028 0.0111961
376 0.854696 0.0110547
377 0.854714 0.0109121
378 0.854487 0.0107754
379 0.854679 0.0106416
380 0.854769 0.0105098
381 0.854277 0.0103925
382 0.854565 0.0102706
383 0.854442 0.0101483
384 0.854707 0.0100317
385 0.854997 0.00991862
386 0.854147 0.00984074
387 0.854051 0.00972874
388 0.853839 0.00962113
389 0.85332 0.00952781
390 0.853083 0.0094255
391 0.853174 0.00932293
392 0.85341 0.00922516
393 0.853664 0.00913003
394 0.853833 0.00903499
395 0.853075 0.00897252
396 0.852577 0.00889344
397 0.852433 0.0088034
398 0.852081 0.00872115
399 0.851901 0.00863537
400 1.56989 0
401 1.28337 0.286527
402 1.12698 0.227646
403 1.07736 0.168443
404 1.03582 0.136929
405 1.01443 0.11383
406 0.999172 0.0974064
407 0.985772 0.085414
408 0.971002 0.0767624
409 0.957739 0.0699278
410 0.948324 0.0639489
411 0.938514 0.0591957
412 0.932239 0.0548125
413 0.931268 0.0507558
414 0.930607 0.0472557
415 0.927504 0.0443125
416 0.925429 0.041676
417 0.92312 0.0393603
418 0.919518 0.0374049
419 0.917552 0.0355398
420 0.914979 0.0339029
421 0.915354 0.0323273
422 0.913089 0.0309727
423 0.911027 0.0297257
424 0.909218 0.0285693
425 0.907682 0.0274914
426 0.905389 0.0265529
427 0.903261 0.0256753
428 0.902447 0.0247875
429 0.902533 0.0239471
430 0.900619 0.0232407
431 0.8987 0.0225845
432 0.895921 0.0220651
433 0.894177 0.0214772
434 0.89143 0.0210346
435 0.889312 0.0205514
436 0.887793 0.0200459
437 0.888477 0.0195233
438 0.888421 0.0190162
439 0.886909 0.0185962
440 0.885035 0.0182335
441 0.885567 0.0178021
442 0.886705 0.0174203
443 0.88497 0.017108
444 0.884401 0.0167332
445 0.883997 0.0163703
446 0.882673 0.0160729
447 0.880953 0.0158282
448 0.880648 0.0155048
449 0.87951 0.0152341
450 0.87728 0.015098
451 0.87631 0.0148365
452 0.874697 0.014643
453 0.873417 0.0144262
454 0.871925 0.0142398
455 0.871166 0.0140038
456 0.87072 0.0137632
457 0.869449 0.0135834
458 0.867098 0.0135566
459 0.864753 0.0135333
460 0.863326 0.013386
461 0.862719 0.0131823
462 0.861138 0.0130674
463 0.85997 0.0129145
464 0.85907 0.0127461
465 0.857523 0.0126465
466 0.855591 0.0126051
467 0.854299 0.0124854
468 0.853976 0.0123074
469 0.853985 0.0121303
470 0.85452 0.0119702
471 0.854478 0.0118029
472 0.85423 0.0116427
473 0.854179 0.0114844
474 0.854618 0.0113388
475 0.855028 0.0111961
476 0.854696 0.0110547
477 0.854714 0.0109121
478 0.854487 0.0107754
479 0.854679 0.0106416
480 0.854769 0.0105098
481 0.854277 0.0103925
482 0.854565 0.0102706
483 0.854442 0.0101483
484 0.854707 0.0100317
485 0.854997 0.00991862
486 0.854147 0.00984074
487 0.854051 0.00972874
488 0.853839 0.00962113
489 0.85332 0.00952781
490 0.853083 0.0094255
491 0.853174 0.00932293
492 0.85341 0.00922516
493 0.853664 0.00913003
494 0.853833 0.00903499
495 0.853075 0.00897252
496 0.852577 0.00889344
497 0.852433 0.0088034
498 0.852081 0.00872115
499 0.851901 0.00863537
