           0           0           0
   0.0256496           0           0
   0.0512993           0           0
   0.0769489           0           0
    0.102599           0           0
    0.128248           0           0
    0.153898           0           0
    0.179547           0           0
    0.205197           0           0
    0.230847           0           0
    0.256496           0           0
    0.282146           0           0
    0.307796           0           0
    0.333445           0           0
    0.359095           0           0
    0.384745           0           0
    0.410394           0           0
    0.436044           0           0
    0.461694           0           0
    0.487343           0           0
    0.512993           0           0
    0.538642           0           0
    0.564292           0           0
    0.589942           0           0
    0.615591           0           0
    0.641241           0           0
    0.666891           0           0
     0.69254           0           0
     0.71819           0           0
     0.74384           0           0
    0.769489           0           0
    0.795139           0           0
    0.820788           0           0
    0.846438           0           0
    0.872088           0           0
    0.897737           0           0
    0.923387  0.00189859 0.000382626
    0.949037   0.0283201  0.00190618
    0.974686     0.13037  0.00454665
     1.00034    0.350315  0.00796964
     1.02599    0.614818   0.0120076
     1.05164    0.798523   0.0151543
     1.07728    0.909447   0.0161091
     1.10293    0.875496   0.0158458
     1.12858    0.803554   0.0141829
     1.15423    0.719496   0.0130474
     1.17988    0.628557   0.0112973
     1.20553    0.544618   0.0109618
     1.23118    0.452918  0.00880752
     1.25683    0.397796  0.00847978
     1.28248    0.355269  0.00782112
     1.30813    0.310526  0.00630987
     1.33378    0.276571  0.00573419
     1.35943    0.265265  0.00562138
     1.38508    0.235598  0.00535757
     1.41073     0.21332  0.00507351
     1.43638    0.201769  0.00435188
     1.46203    0.188046  0.00411353
     1.48768    0.186389  0.00407719
     1.51333    0.187744  0.00388308
     1.53898    0.187218  0.00416002
     1.56463    0.187489  0.00448304
     1.59028    0.191595  0.00459239
     1.61593    0.193197  0.00424226
     1.64158    0.182274  0.00396913
     1.66723    0.199706  0.00447043
     1.69288    0.208757   0.0046067
     1.71853    0.224066  0.00495701
     1.74418    0.226004  0.00458807
     1.76983    0.240313  0.00496515
     1.79547    0.256743  0.00521294
     1.82112    0.286032  0.00543323
     1.84677    0.302635  0.00541331
     1.87242    0.327731  0.00574102
     1.89807    0.339536  0.00585645
     1.92372    0.356162  0.00609498
     1.94937    0.379534  0.00668579
     1.97502     0.39047  0.00668543
     2.00067    0.394184  0.00696166
     2.02632    0.402869  0.00687481
     2.05197    0.402498  0.00662343
     2.07762    0.411984  0.00689117
     2.10327    0.419318  0.00687571
     2.12892    0.417366  0.00701447
     2.15457     0.41368  0.00663241
     2.18022    0.405508  0.00649921
     2.20587    0.397262  0.00673893
     2.23152    0.381778  0.00644298
     2.25717    0.361815  0.00601445
     2.28282    0.346582  0.00568622
     2.30847    0.333306  0.00546914
     2.33412    0.327566   0.0054583
     2.35977    0.314953  0.00529009
     2.38542    0.306987  0.00529521
     2.41107    0.292835  0.00507324
     2.43672    0.287024  0.00479255
     2.46237    0.287065  0.00498043
     2.48802    0.281335  0.00463223
     2.51366    0.282957  0.00462631
     2.53931    0.278598  0.00467006
