1.2
1.20001
1.20002
1.20003
1.20005
1.20008
1.2001
1.20014
1.20017
1.20021
1.20026
1.20031
1.20036
1.20042
1.20049
1.20056
1.20063
1.20072
1.2008
1.20089
1.20099
1.20109
1.2012
1.20132
1.20144
1.20157
1.2017
1.20184
1.20199
1.20215
1.20231
1.20248
1.20266
1.20284
1.20303
1.20324
1.20345
1.20367
1.2039
1.20413
1.20438
1.20464
1.20491
1.20519
1.20548
1.20579
1.20611
1.20644
1.20678
1.20714
1.20751
1.20789
1.2083
1.20872
1.20915
1.2096
1.21008
1.21057
1.21108
1.21161
1.21217
1.21274
1.21334
1.21397
1.21462
1.2153
1.216
1.21674
1.2175
1.2183
1.21913
1.21999
1.22089
1.22182
1.22279
1.22381
1.22486
1.22596
1.2271
1.22829
1.22953
1.23081
1.23215
1.23354
1.23499
1.23649
1.23805
1.23967
1.24136
1.24311
1.24492
1.24679
1.24873
1.25074
1.2528
1.25493
1.25711
1.25935
1.26162
1.26393
1.26625
1.26858
1.27088
1.27314
1.27533
1.27742
1.27938
1.28118
1.28281
1.28425
1.2855
1.28655
1.28742
1.2881
1.28853
1.28867
1.28839
1.28756
1.28607
1.28385
1.28097
1.27764
1.2743
1.27155
1.27002
1.27021
1.27233
1.27622
1.28139
1.2872
1.29297
1.29815
1.30239
1.30563
1.30802
1.30981
1.31118
1.31212
1.31242
1.31182
1.31017
1.30757
1.30435
1.30102
1.29811
1.29607
1.29518
1.29558
1.29728
1.30021
1.30419
1.30899
1.31434
1.31995
1.3256
1.33107
1.33616
1.34071
1.34454
1.34756
1.34969
1.35093
1.3513
1.35087
1.34972
1.34798
1.34579
1.34331
1.3407
1.33811
1.33565
1.33342
1.3315
1.33003
1.3292
1.32921
1.33023
1.33224
1.33505
1.33829
1.34156
1.34448
1.34681
1.34843
1.34932
1.34957
1.34928
1.34861
1.34771
1.34675
1.34589
1.34526
1.34499
1.34515
1.34577
1.34684
1.34829
1.35002
1.35191
1.35386
1.35573
1.35746
1.35895
1.36018
1.36112
1.36176
1.3621
1.36214
1.36189
1.36133
1.36043
1.35918
1.35753
1.35548
1.35307
1.35041
1.3477
1.34524
1.34333
1.34224
1.34212
1.34293
1.34448
1.34644
1.34843
1.35006
1.35103
1.35118
1.35051
1.34931
1.34811
1.34754
1.34817
1.3502
1.35341
1.35721
1.36094
1.36402
1.36611
1.36706
1.36692
1.36587
1.36427
1.36258
1.36131
1.36091
1.36155
1.3631
1.36513
1.36708
1.36845
1.36891
1.36834
1.36686
1.36482
1.36265
1.36086
1.35978
1.35959
1.36024
1.36154
1.36329
1.36532
1.36747
1.36962
1.37166
1.37348
1.37503
1.37627
1.37723
1.37797
1.37856
1.37907
1.37954
1.37997
1.38032
1.38048
1.38034
1.37977
1.37867
1.377
1.37477
1.37213
1.36931
1.36662
1.36444
1.3631
1.36282
1.36367
1.36551
1.36809
1.37108
1.37418
1.37715
1.37987
1.38227
1.38437
1.38618
1.38775
1.38913
1.39036
1.39149
1.39255
1.39357
1.39458
1.39558
1.39656
1.39749
1.39833
1.399
1.39937
1.39934
1.39875
1.39748
1.39547
1.39273
1.38944
1.38594
1.38266
1.3801
1.37864
1.37849
1.37975
1.38235
1.3861
1.3906
1.39534
1.39971
1.40321
1.40543
1.40612
1.40516
1.40252
1.39823
1.39247
1.38551
1.37783
1.37005
1.36286
1.35698
1.35303
1.35147
1.35249
1.35587
1.36106
1.36727
1.37375
1.37994
1.38547
1.39016
1.39396
1.39688
1.39896
1.40028
1.40095
1.40104
1.40066
1.3999
1.39887
1.39768
1.39642
1.39522
1.39417
1.39337
1.39286
1.39269
1.39283
1.39325
1.39389
1.39469
1.39558
1.39652
1.39746
1.39838
1.39928
1.40014
1.40098
1.4018
1.40259
1.40337
1.40412
1.40484
1.40552
1.40613
1.40663
1.40698
1.4071
1.4069
1.40622
1.40487
1.40262
1.39915
1.39415
1.38743
1.37911
1.36996
1.36161
1.35614
1.3551
1.35851
1.36482
1.37193
1.37822
1.38288
1.3857
1.3868
1.38643
1.38488
1.38252
1.37978
1.37723
1.37543
1.37485
1.3757
1.37788
1.381
1.38455
1.38806
1.39117
1.39366
1.39544
1.39649
1.39686
1.39658
1.39568
1.39414
1.39189
1.38879
1.38467
1.37938
1.37293
1.36561
1.35822
1.35202
1.34845
1.34856
1.35244
1.35906
1.36686
1.37437
1.38061
1.38514
1.38791
1.3891
1.38894
1.38767
1.38557
1.38289
1.37997
1.37716
1.37487
1.37345
1.37311
1.37384
1.37543
1.37754
1.3798
1.38193
1.38373
1.38512
1.38606
1.38657
1.38665
1.38631
1.38553
1.3843
1.38255
1.38025
1.37734
1.37381
1.3697
1.36514
1.36041
1.35588
1.35198
1.34907
1.34731
1.34658
1.34654
1.34676
1.34687
1.34665
1.34604
1.34514
1.34412
1.34317
1.34247
1.34209
1.34204
1.34227
1.34278
1.34362
1.34489
1.34672
1.34916
1.35213
1.35542
1.35872
1.36174
1.36423
1.36602
1.36704
1.36729
1.36678
1.36559
1.36378
1.36149
1.35885
1.35607
1.35338
1.35103
1.34925
1.34816
1.34778
1.34802
1.34868
1.34957
1.35048
1.35128
1.35188
1.35223
1.35233
1.3522
1.35188
1.3514
1.35079
1.35008
1.34931
1.34848
1.34762
1.34674
1.34585
1.34495
1.34407
1.34325
1.34251
1.34194
1.34157
1.34145
1.34159
1.34198
1.34253
1.34317
1.34381
1.34437
1.34482
1.34518
1.34547
1.34578
1.34614
1.34658
1.34707
1.34753
1.34785
1.3479
1.34756
1.34677
1.34549
1.34379
1.34181
1.33977
1.33791
1.33648
1.33563
1.33541
1.33576
1.33654
1.33758
1.33879
1.34013
1.34164
1.34338
1.3454
1.34771
1.35025
1.35289
1.35549
1.35791
1.36003
1.36179
1.3632
1.36429
1.36514
1.36582
1.3664
1.36695
1.36747
1.36797
1.3684
1.36871
1.36883
1.36869
1.36823
1.36734
1.36589
1.36365
1.36031
1.35551
1.349
1.34105
1.33291
1.32685
1.32529
1.32918
1.33723
1.3468
1.35554
1.36218
1.36639
1.36837
1.36853
1.36736
1.36536
1.36304
1.36085
1.3591
1.35787
1.35701
1.35626
1.35543
1.35454
1.35386
1.35383
1.35483
1.35699
1.36013
1.36391
1.36791
1.37179
1.37532
1.37841
1.38103
1.38323
1.38506
1.38661
1.38794
1.38911
1.39016
1.39111
1.39197
1.39275
1.39346
1.39407
1.39459
1.39501
1.39533
1.39553
1.39562
1.3956
1.39546
1.39522
1.3949
1.3945
1.39404
1.39353
1.39298
1.39236
1.39162
1.39068
1.38945
1.38779
1.38555
1.38258
1.37876
1.37403
1.36852
1.36268
1.35738
1.35396
1.35372
1.35735
1.36436
1.37335
1.38269
1.39111
1.39798
1.40312
1.40666
1.40882
1.40984
1.40991
1.4092
1.40783
1.4059
1.40348
1.40069
1.39763
1.39445
1.39133
1.38848
1.38607
1.38419
1.38283
1.3818
1.38087
1.37978
1.37847
1.37718
1.37648
1.37709
1.37954
1.38387
1.38956
1.39581
1.40185
1.40715
1.41147
1.41477
1.41712
1.41864
1.41942
1.41954
1.41904
1.41793
1.4162
1.41382
1.41079
1.40711
1.40284
1.39813
1.39323
1.38853
1.3845
1.3816
1.38016
1.3803
1.38184
1.38444
1.3877
1.39128
1.39494
1.3985
1.40185
1.40485
1.40731
1.40901
1.40963
1.40887
1.40646
1.40239
1.3971
1.39178
1.3881
1.38763
1.39088
1.39697
1.40428
1.41129
1.41714
1.4216
1.42477
1.42695
1.4284
1.42936
1.43
1.43044
1.43073
1.43093
1.43107
1.43117
1.43126
1.43136
1.43153
1.43179
1.4322
1.43278
1.43357
1.43454
1.43563
1.43668
1.43748
1.43765
1.43671
1.43405
1.42913
1.42186
1.41317
1.40547
1.40199
1.4047
1.41271
1.42298
1.43244
1.4394
1.4434
1.44462
1.44331
1.43951
1.433
1.4234
1.41074
1.39647
1.38426
1.37891
1.38284
1.39382
1.40709
1.41894
1.42796
1.43433
1.43877
1.44202
1.44463
1.44697
1.44929
1.45168
1.45417
1.45666
1.45904
1.46113
1.46276
1.46374
1.46391
1.46315
1.46134
1.45849
1.4547
1.45025
1.44558
1.44129
1.43796
1.43607
1.43579
1.43703
1.43943
1.4425
1.44566
1.44832
1.44992
1.44991
1.44782
1.4434
1.43681
1.42904
1.42201
1.41804
1.41864
1.42343
1.43051
1.43775
1.44375
1.44801
1.45066
1.45208
1.45266
1.45274
1.45256
1.45221
1.45169
1.45091
1.44976
1.44811
1.44597
1.44345
1.44083
1.43843
1.43652
1.43517
1.43424
1.43344
1.43248
1.43119
1.42967
1.42822
1.42728
1.42721
1.42811
1.42976
1.43166
1.4333
1.43426
1.43437
1.43366
1.43231
1.43056
1.42871
1.42703
1.42571
1.42486
1.42443
1.42427
1.42414
1.42377
1.42286
1.42122
1.41877
1.41556
1.41182
1.40795
1.40439
1.40163
1.40004
1.39983
1.40093
1.40301
1.40551
1.40785
1.4095
1.41016
1.40977
1.40843
1.40643
1.40409
1.40177
1.39976
1.39831
1.39758
1.39765
1.39847
1.3999
1.40169
1.40358
1.40532
1.40678
1.40787
1.40863
1.40912
1.40941
1.4096
1.40974
1.40988
1.41004
1.41022
1.41042
1.41061
1.4108
1.41095
1.41107
1.41114
1.41117
1.41115
1.41107
1.41093
1.41073
1.41045
1.41009
1.40963
1.40906
1.40834
1.40747
1.40643
1.40522
1.40386
1.4024
1.40093
1.39957
1.39846
1.39772
1.39743
1.3976
1.39813
1.3989
1.39974
1.4005
1.40111
1.40152
1.40178
1.40193
1.40208
1.40229
1.40262
1.40312
1.40378
1.40457
1.40546
1.40638
1.40727
1.40805
1.40865
1.40901
1.40906
1.40875
1.40805
1.40694
1.40542
1.40351
1.40124
1.3987
1.39598
1.39321
1.39063
1.38854
1.38732
1.38729
1.38862
1.39122
1.39472
1.39857
1.4022
1.40503
1.40659
1.40638
1.40395
1.39885
1.39087
1.38035
1.36858
1.35791
1.3508
1.34847
1.2
1.20001
1.20002
1.20003
1.20005
1.20008
1.2001
1.20014
1.20017
1.20021
1.20026
1.20031
1.20036
1.20042
1.20049
1.20056
1.20063
1.20072
1.2008
1.20089
1.20099
1.20109
1.2012
1.20132
1.20144
1.20157
1.2017
1.20184
1.20199
1.20215
1.20231
1.20248
1.20266
1.20284
1.20303
1.20324
1.20345
1.20367
1.2039
1.20413
1.20438
1.20464
1.20491
1.20519
1.20548
1.20579
1.20611
1.20644
1.20678
1.20714
1.20751
1.20789
1.2083
1.20872
1.20915
1.2096
1.21008
1.21057
1.21108
1.21161
1.21217
1.21274
1.21334
1.21397
1.21462
1.2153
1.216
1.21674
1.2175
1.2183
1.21913
1.21999
1.22089
1.22182
1.22279
1.22381
1.22486
1.22596
1.2271
1.22829
1.22953
1.23081
1.23215
1.23354
1.23499
1.23649
1.23805
1.23967
1.24136
1.24311
1.24492
1.24679
1.24873
1.25074
1.2528
1.25493
1.25711
1.25935
1.26162
1.26393
1.26625
1.26858
1.27088
1.27314
1.27533
1.27742
1.27938
1.28118
1.28281
1.28425
1.2855
1.28655
1.28742
1.2881
1.28853
1.28867
1.28839
1.28756
1.28607
1.28385
1.28097
1.27764
1.2743
1.27155
1.27002
1.27021
1.27233
1.27622
1.28139
1.2872
1.29297
1.29815
1.30239
1.30563
1.30802
1.30981
1.31118
1.31212
1.31242
1.31182
1.31017
1.30757
1.30435
1.30102
1.29811
1.29607
1.29518
1.29558
1.29728
1.30021
1.30419
1.30899
1.31434
1.31995
1.3256
1.33107
1.33616
1.34071
1.34454
1.34756
1.34969
1.35093
1.3513
1.35087
1.34972
1.34798
1.34579
1.34331
1.3407
1.33811
1.33565
1.33342
1.3315
1.33003
1.3292
1.32921
1.33023
1.33224
1.33505
1.33829
1.34156
1.34448
1.34681
1.34843
1.34932
1.34957
1.34928
1.34861
1.34771
1.34675
1.34589
1.34526
1.34499
1.34515
1.34577
1.34684
1.34829
1.35002
1.35191
1.35386
1.35573
1.35746
1.35895
1.36018
1.36112
1.36176
1.3621
1.36214
1.36189
1.36133
1.36043
1.35918
1.35753
1.35548
1.35307
1.35041
1.3477
1.34524
1.34333
1.34224
1.34212
1.34293
1.34448
1.34644
1.34843
1.35006
1.35103
1.35118
1.35051
1.34931
1.34811
1.34754
1.34817
1.3502
1.35341
1.35721
1.36094
1.36402
1.36611
1.36706
1.36692
1.36587
1.36427
1.36258
1.36131
1.36091
1.36155
1.3631
1.36513
1.36708
1.36845
1.36891
1.36834
1.36686
1.36482
1.36265
1.36086
1.35978
1.35959
1.36024
1.36154
1.36329
1.36532
1.36747
1.36962
1.37166
1.37348
1.37503
1.37627
1.37723
1.37797
1.37856
1.37907
1.37954
1.37997
1.38032
1.38048
1.38034
1.37977
1.37867
1.377
1.37477
1.37213
1.36931
1.36662
1.36444
1.3631
1.36282
1.36367
1.36551
1.36809
1.37108
1.37418
1.37715
1.37987
1.38227
1.38437
1.38618
1.38775
1.38913
1.39036
1.39149
1.39255
1.39357
1.39458
1.39558
1.39656
1.39749
1.39833
1.399
1.39937
1.39934
1.39875
1.39748
1.39547
1.39273
1.38944
1.38594
1.38266
1.3801
1.37864
1.37849
1.37975
1.38235
1.3861
1.3906
1.39534
1.39971
1.40321
1.40543
1.40612
1.40516
1.40252
1.39823
1.39247
1.38551
1.37783
1.37005
1.36286
1.35698
1.35303
1.35147
1.35249
1.35587
1.36106
1.36727
1.37375
1.37994
1.38547
1.39016
1.39396
1.39688
1.39896
1.40028
1.40095
1.40104
1.40066
1.3999
1.39887
1.39768
1.39642
1.39522
1.39417
1.39337
1.39286
1.39269
1.39283
1.39325
1.39389
1.39469
1.39558
1.39652
1.39746
1.39838
1.39928
1.40014
1.40098
1.4018
1.40259
1.40337
1.40412
1.40484
1.40552
1.40613
1.40663
1.40698
1.4071
1.4069
1.40622
1.40487
1.40262
1.39915
1.39415
1.38743
1.37911
1.36996
1.36161
1.35614
1.3551
1.35851
1.36482
1.37193
1.37822
1.38288
1.3857
1.3868
1.38643
1.38488
1.38252
1.37978
1.37723
1.37543
1.37485
1.3757
1.37788
1.381
1.38455
1.38806
1.39117
1.39366
1.39544
1.39649
1.39686
1.39658
1.39568
1.39414
1.39189
1.38879
1.38467
1.37938
1.37293
1.36561
1.35822
1.35202
1.34845
1.34856
1.35244
1.35906
1.36686
1.37437
1.38061
1.38514
1.38791
1.3891
1.38894
1.38767
1.38557
1.38289
1.37997
1.37716
1.37487
1.37345
1.37311
1.37384
1.37543
1.37754
1.3798
1.38193
1.38373
1.38512
1.38606
1.38657
1.38665
1.38631
1.38553
1.3843
1.38255
1.38025
1.37734
1.37381
1.3697
1.36514
1.36041
1.35588
1.35198
1.34907
1.34731
1.34658
1.34654
1.34676
1.34687
1.34665
1.34604
1.34514
1.34412
1.34317
1.34247
1.34209
1.34204
1.34227
1.34278
1.34362
1.34489
1.34672
1.34916
1.35213
1.35542
1.35872
1.36174
1.36423
1.36602
1.36704
1.36729
1.36678
1.36559
1.36378
1.36149
1.35885
1.35607
1.35338
1.35103
1.34925
1.34816
1.34778
1.34802
1.34868
1.34957
1.35048
1.35128
1.35188
1.35223
1.35233
1.3522
1.35188
1.3514
1.35079
1.35008
1.34931
1.34848
1.34762
1.34674
1.34585
1.34495
1.34407
1.34325
1.34251
1.34194
1.34157
1.34145
1.34159
1.34198
1.34253
1.34317
1.34381
1.34437
1.34482
1.34518
1.34547
1.34578
1.34614
1.34658
1.34707
1.34753
1.34785
1.3479
1.34756
1.34677
1.34549
1.34379
1.34181
1.33977
1.33791
1.33648
1.33563
1.33541
1.33576
1.33654
1.33758
1.33879
1.34013
1.34164
1.34338
1.3454
1.34771
1.35025
1.35289
1.35549
1.35791
1.36003
1.36179
1.3632
1.36429
1.36514
1.36582
1.3664
1.36695
1.36747
1.36797
1.3684
1.36871
1.36883
1.36869
1.36823
1.36734
1.36589
1.36365
1.36031
1.35551
1.349
1.34105
1.33291
1.32685
1.32529
1.32918
1.33723
1.3468
1.35554
1.36218
1.36639
1.36837
1.36853
1.36736
1.36536
1.36304
1.36085
1.3591
1.35787
1.35701
1.35626
1.35543
1.35454
1.35386
1.35383
1.35483
1.35699
1.36013
1.36391
1.36791
1.37179
1.37532
1.37841
1.38103
1.38323
1.38506
1.38661
1.38794
1.38911
1.39016
1.39111
1.39197
1.39275
1.39346
1.39407
1.39459
1.39501
1.39533
1.39553
1.39562
1.3956
1.39546
1.39522
1.3949
1.3945
1.39404
1.39353
1.39298
1.39236
1.39162
1.39068
1.38945
1.38779
1.38555
1.38258
1.37876
1.37403
1.36852
1.36268
1.35738
1.35396
1.35372
1.35735
1.36436
1.37335
1.38269
1.39111
1.39798
1.40312
1.40666
1.40882
1.40984
1.40991
1.4092
1.40783
1.4059
1.40348
1.40069
1.39763
1.39445
1.39133
1.38848
1.38607
1.38419
1.38283
1.3818
1.38087
1.37978
1.37847
1.37718
1.37648
1.37709
1.37954
1.38387
1.38956
1.39581
1.40185
1.40715
1.41147
1.41477
1.41712
1.41864
1.41942
1.41954
1.41904
1.41793
1.4162
1.41382
1.41079
1.40711
1.40284
1.39813
1.39323
1.38853
1.3845
1.3816
1.38016
1.3803
1.38184
1.38444
1.3877
1.39128
1.39494
1.3985
1.40185
1.40485
1.40731
1.40901
1.40963
1.40887
1.40646
1.40239
1.3971
1.39178
1.3881
1.38763
1.39088
1.39697
1.40428
1.41129
1.41714
1.4216
1.42477
1.42695
1.4284
1.42936
1.43
1.43044
1.43073
1.43093
1.43107
1.43117
1.43126
1.43136
1.43153
1.43179
1.4322
1.43278
1.43357
1.43454
1.43563
1.43668
1.43748
1.43765
1.43671
1.43405
1.42913
1.42186
1.41317
1.40547
1.40199
1.4047
1.41271
1.42298
1.43244
1.4394
1.4434
1.44462
1.44331
1.43951
1.433
1.4234
1.41074
1.39647
1.38426
1.37891
1.38284
1.39382
1.40709
1.41894
1.42796
1.43433
1.43877
1.44202
1.44463
1.44697
1.44929
1.45168
1.45417
1.45666
1.45904
1.46113
1.46276
1.46374
1.46391
1.46315
1.46134
1.45849
1.4547
1.45025
1.44558
1.44129
1.43796
1.43607
1.43579
1.43703
1.43943
1.4425
1.44566
1.44832
1.44992
1.44991
1.44782
1.4434
1.43681
1.42904
1.42201
1.41804
1.41864
1.42343
1.43051
1.43775
1.44375
1.44801
1.45066
1.45208
1.45266
1.45274
1.45256
1.45221
1.45169
1.45091
1.44976
1.44811
1.44597
1.44345
1.44083
1.43843
1.43652
1.43517
1.43424
1.43344
1.43248
1.43119
1.42967
1.42822
1.42728
1.42721
1.42811
1.42976
1.43166
1.4333
1.43426
1.43437
1.43366
1.43231
1.43056
1.42871
1.42703
1.42571
1.42486
1.42443
1.42427
1.42414
1.42377
1.42286
1.42122
1.41877
1.41556
1.41182
1.40795
1.40439
1.40163
1.40004
1.39983
1.40093
1.40301
1.40551
1.40785
1.4095
1.41016
1.40977
1.40843
1.40643
1.40409
1.40177
1.39976
1.39831
1.39758
1.39765
1.39847
1.3999
1.40169
1.40358
1.40532
1.40678
1.40787
1.40863
1.40912
1.40941
1.4096
1.40974
1.40988
1.41004
1.41022
1.41042
1.41061
1.4108
1.41095
1.41107
1.41114
1.41117
1.41115
1.41107
1.41093
1.41073
1.41045
1.41009
1.40963
1.40906
1.40834
1.40747
1.40643
1.40522
1.40386
1.4024
1.40093
1.39957
1.39846
1.39772
1.39743
1.3976
1.39813
1.3989
1.39974
1.4005
1.40111
1.40152
1.40178
1.40193
1.40208
1.40229
1.40262
1.40312
1.40378
1.40457
1.40546
1.40638
1.40727
1.40805
1.40865
1.40901
1.40906
1.40875
1.40805
1.40694
1.40542
1.40351
1.40124
1.3987
1.39598
1.39321
1.39063
1.38854
1.38732
1.38729
1.38862
1.39122
1.39472
1.39857
1.4022
1.40503
1.40659
1.40638
1.40395
1.39885
1.39087
1.38035
1.36858
1.35791
1.3508
1.34847
1.09913
1.09608
1.09061
1.08241
1.07102
1.05586
1.03623
1.01134
0.980428
0.942851
0.898313
0.847141
0.790579
0.730919
0.671424
0.615894
0.567903
0.530132
0.503949
0.489338
0.485177
0.489614
0.500464
0.515512
0.532758
0.550542
0.567583
0.582991
0.59625
0.607147
0.615672
0.621943
0.626074
0.628122
0.628072
0.6259
0.621649
0.615506
0.607858
0.599299
0.590549
0.582407
0.575714
0.57123
0.569529
0.570807
0.574765
0.580663
0.587544
0.594463
0.600641
0.605529
0.608778
0.610256
0.610019
0.608351
0.605712
0.6027
0.59994
0.597955
0.597093
0.597453
0.598906
0.601163
0.603861
0.606635
0.609162
0.611179
0.612471
0.612868
0.612218
0.610421
0.607417
0.603251
0.598139
0.592486
0.586888
0.581963
0.578153
0.575577
0.574003
0.573027
0.572287
0.571545
0.57065
0.569456
0.567768
0.565416
0.562417
0.559039
0.555768
0.553178
0.551763
0.551818
0.55339
0.55629
0.560161
0.56457
0.569046
0.573127
0.576388
0.578433
0.578968
0.577838
0.575111
0.571083
0.566249
0.561204
0.556542
0.552721
0.550018
0.548499
0.548091
0.548661
0.55006
0.552164
0.554867
0.558067
0.561619
0.565251
0.568554
0.571023
0.572218
0.571994
0.570671
0.569046
0.568236
0.569305
0.572896
0.579021
0.587044
0.595918
0.604477
0.611748
0.61714
0.620506
0.622078
0.62235
0.621886
0.621192
0.620584
0.620135
0.619713
0.619081
0.617954
0.616073
0.613293
0.609631
0.605282
0.600614
0.596079
0.592157
0.589172
0.58722
0.586135
0.585556
0.585106
0.584541
0.583834
0.583166
0.582844
0.583232
0.584627
0.587186
0.590867
0.595388
0.60026
0.604849
0.608469
0.610492
0.610452
0.60814
0.603731
0.597795
0.591206
0.584883
0.579505
0.575299
0.572063
0.569374
0.566897
0.5646
0.562796
0.562023
0.562815
0.565477
0.569878
0.575451
0.581336
0.586644
0.590668
0.593015
0.593634
0.592735
0.590703
0.587944
0.584813
0.581514
0.57815
0.574819
0.571657
0.568923
0.567007
0.566345
0.567348
0.570294
0.575229
0.581909
0.589818
0.598258
0.606453
0.613658
0.619269
0.622871
0.624227
0.623278
0.620144
0.615102
0.608589
0.601205
0.593614
0.586477
0.58036
0.575604
0.572301
0.570308
0.569311
0.56896
0.568965
0.569171
0.569548
0.570165
0.571135
0.572536
0.57436
0.576462
0.578603
0.580476
0.581791
0.582349
0.582073
0.581029
0.579423
0.577584
0.575875
0.574638
0.574123
0.574439
0.575525
0.577174
0.579058
0.58079
0.582034
0.582557
0.582279
0.581272
0.579726
0.577863
0.575879
0.573877
0.571897
0.569931
0.567975
0.566052
0.564205
0.56248
0.560903
0.55948
0.558231
0.557194
0.556471
0.556216
0.556612
0.557839
0.559964
0.562925
0.566513
0.57039
0.574197
0.577636
0.580534
0.58286
0.584663
0.58603
0.587046
0.587756
0.588204
0.588519
0.588955
0.589891
0.591697
0.59452
0.598172
0.602161
0.605872
0.608718
0.610231
0.610099
0.608076
0.603985
0.597756
0.589488
0.579582
0.568834
0.558424
0.549729
0.543999
0.541948
0.543531
0.547938
0.553879
0.55995
0.56493
0.567927
0.568469
0.566505
0.562357
0.556642
0.550175
0.543826
0.538357
0.534337
0.532057
0.53155
0.532636
0.535018
0.538316
0.54211
0.545993
0.549604
0.552694
0.555133
0.556921
0.558153
0.558966
0.559492
0.559798
0.559779
0.559142
0.557476
0.554415
0.549833
0.543942
0.53729
0.530652
0.524876
0.520695
0.518614
0.518824
0.521196
0.525307
0.530552
0.536237
0.541674
0.546295
0.549678
0.551605
0.552071
0.55131
0.549763
0.547994
0.546577
0.545992
0.54657
0.548479
0.551804
0.556542
0.562581
0.569718
0.577638
0.585928
0.594112
0.601704
0.60827
0.613482
0.617119
0.619075
0.619329
0.617951
0.615116
0.611121
0.606354
0.601262
0.596277
0.591694
0.587621
0.583957
0.580449
0.576819
0.572906
0.568728
0.56446
0.560333
0.556534
0.553095
0.549897
0.546733
0.543434
0.539996
0.536597
0.533621
0.53155
0.530809
0.531617
0.533924
0.537477
0.541969
0.547159
0.552937
0.559342
0.566473
0.574403
0.583116
0.592445
0.602086
0.611564
0.620326
0.627822
0.633589
0.637341
0.639042
0.638867
0.637133
0.634168
0.630196
0.625247
0.61917
0.611714
0.602636
0.591824
0.579445
0.566034
0.552516
0.540126
0.530178
0.523794
0.521587
0.523499
0.528847
0.536568
0.545507
0.554651
0.563237
0.570746
0.576819
0.58123
0.583902
0.584937
0.584624
0.583419
0.581847
0.580377
0.579271
0.578577
0.578126
0.577626
0.576773
0.575369
0.57333
0.570704
0.567609
0.56414
0.560335
0.55614
0.551482
0.546352
0.540877
0.535336
0.530165
0.52588
0.522974
0.52177
0.522352
0.524559
0.528047
0.532429
0.537385
0.542695
0.548212
0.553856
0.559532
0.56511
0.570418
0.575261
0.579418
0.5827
0.584931
0.585985
0.585787
0.584249
0.581302
0.576898
0.571041
0.563837
0.555493
0.546366
0.536949
0.527801
0.51946
0.512376
0.506862
0.503103
0.50117
0.501074
0.502788
0.506218
0.51117
0.51732
0.524213
0.531325
0.538128
0.544178
0.549179
0.552982
0.555529
0.556833
0.5569
0.555714
0.553269
0.549632
0.544982
0.539649
0.534083
0.528812
0.524339
0.521045
0.519144
0.518695
0.519636
0.521796
0.52497
0.528879
0.533123
0.537193
0.540539
0.542684
0.543336
0.54246
0.540252
0.53708
0.533407
0.529722
0.526501
0.524159
0.522998
0.523168
0.52463
0.527133
0.53028
0.533659
0.536981
0.540178
0.543381
0.546815
0.550633
0.554776
0.558996
0.562932
0.566213
0.56855
0.569793
0.56996
0.569209
0.567787
0.565928
0.563819
0.561559
0.559198
0.556734
0.554114
0.551232
0.547971
0.544225
0.539957
0.535196
0.530014
0.52454
0.518936
0.51337
0.507995
0.502913
0.498159
0.493758
0.489761
0.486256
0.48334
0.481085
0.479512
0.478584
0.478194
0.478208
0.478533
0.479157
0.48015
0.481613
0.483595
0.486058
0.48888
0.491875
0.494869
0.497767
0.500645
0.503731
0.507391
0.512005
0.517801
0.524738
0.532454
0.540323
0.547617
0.553652
0.55793
0.560164
0.56029
0.558439
0.554832
0.549764
0.543584
0.536695
0.529532
0.522555
0.516226
0.510941
0.506993
0.504491
0.503377
0.503461
0.504492
0.506217
0.508409
0.510898
0.513544
0.516257
0.51903
0.521939
0.525086
0.528527
0.532213
0.535947
0.539386
0.542119
0.543738
0.54394
0.542591
0.539775
0.535787
0.531045
0.526019
0.521142
0.516761
0.513089
0.510199
0.508036
0.506447
0.505217
0.504087
0.502798
0.501143
0.498988
0.496316
0.49325
0.49003
0.486966
0.484385
0.482567
0.48166
0.481689
0.482583
0.48428
0.48675
0.489996
0.494024
0.498761
0.504032
0.509575
0.515069
0.520239
0.524898
0.529007
0.532662
0.536087
0.539559
0.543337
0.547578
0.552277
0.55724
0.562124
0.566493
0.569924
0.572119
0.572965
0.572548
0.571168
0.56929
0.567478
0.566284
0.566165
0.56739
0.569984
0.573741
0.57828
0.583178
0.588045
0.592576
0.596564
0.599807
0.602081
0.603126
0.602665
0.600485
0.596479
0.590747
0.583621
0.575682
0.567678
0.560417
0.554602
0.550649
0.548573
0.548089
0.548787
0.550309
0.552398
0.554884
0.557551
0.560054
0.562017
0.563179
0.563497
0.563152
0.56249
0.561937
0.561858
0.562496
0.563932
0.566068
0.568658
0.571411
0.574103
0.576609
0.57893
0.581168
0.583484
0.586033
0.588933
0.592202
0.595762
0.599391
0.602778
0.605555
0.607337
0.607752
0.606479
0.603345
0.598377
0.591803
0.584119
0.576017
0.568256
0.561545
0.556359
0.552892
0.551046
0.550501
0.550844
0.551668
0.552663
0.553645
0.554599
0.555639
0.556961
0.558805
0.561375
0.564765
0.568883
0.573374
0.577645
0.580962
0.582614
0.582072
0.579112
0.573945
0.567248
0.560084
0.55369
0.549136
0.54698
0.547107
0.548963
0.551942
0.555711
0.560233
0.565595
0.571758
0.578411
0.584986
0.590798
0.595242
0.597922
0.59869
0.597634
0.595014
0.591145
0.586308
0.5807
0.574386
0.567333
0.55954
0.551213
0.542872
0.535368
0.529724
0.526856
0.527295
0.531018
0.537539
0.546061
0.555678
0.565442
0.574484
0.582073
0.587689
0.591071
0.592237
0.591449
0.589159
0.585894
0.582156
0.578326
0.574628
0.571143
0.567869
0.564825
0.562116
0.559969
0.558666
0.558453
0.559436
0.561522
0.564455
0.567927
0.571669
0.575501
0.579338
0.58317
0.586977
0.5907
0.594201
0.597284
0.599716
0.601277
0.601764
0.600985
0.598777
0.595042
0.58973
0.582851
0.574496
0.564842
0.554182
0.542981
0.531892
0.521788
0.513678
0.508541
0.507072
0.50944
0.515204
0.523426
0.532875
0.542339
0.55084
0.557762
0.562904
0.566439
0.568791
0.57045
0.571786
0.572929
0.573717
0.573832
0.572956
0.570867
0.567505
0.56293
0.557318
0.550917
0.54406
0.537185
0.53085
0.525761
0.52267
0.522217
0.524707
0.52992
0.537072
0.545003
0.552457
0.558396
0.5622
0.563685
0.563082
0.560907
0.557818
0.554463
0.551411
0.549094
0.54783
0.54783
0.549203
0.551976
0.556063
0.561239
0.567145
0.573314
0.579209
0.584299
0.588138
0.590442
0.591161
0.590466
0.588725
0.58645
0.584206
0.582422
0.581322
0.580814
0.580554
0.5801
0.579147
0.577735
0.57633
0.575744
0.576752
0.579681
0.584156
0.589217
0.593769
0.596951
0.598347
0.59797
0.59608
0.592987
0.588997
0.584341
0.579177
0.57363
0.567785
0.561712
0.555432
0.548941
0.542228
0.535296
0.528218
0.521184
0.514527
0.508713
0.504273
0.501744
0.501512
0.503768
0.508425
0.515143
0.523354
0.53239
0.541562
0.550233
0.557888
0.564152
0.568765
0.571572
0.572507
0.571564
0.568833
0.564544
0.559108
0.553143
0.547358
0.542398
0.538691
0.536405
0.535508
0.535906
0.537511
0.540221
0.543899
0.54829
0.553044
0.557718
0.561852
0.565005
0.566831
0.567119
0.565785
0.562887
0.558599
0.55318
0.546968
0.540358
0.533796
1.09913
1.09608
1.09061
1.08241
1.07102
1.05586
1.03623
1.01134
0.980428
0.942851
0.898313
0.847141
0.790579
0.730919
0.671424
0.615894
0.567903
0.530132
0.503949
0.489338
0.485177
0.489614
0.500464
0.515512
0.532758
0.550542
0.567583
0.582991
0.59625
0.607147
0.615672
0.621943
0.626074
0.628122
0.628072
0.6259
0.621649
0.615506
0.607858
0.599299
0.590549
0.582407
0.575714
0.57123
0.569529
0.570807
0.574765
0.580663
0.587544
0.594463
0.600641
0.605529
0.608778
0.610256
0.610019
0.608351
0.605712
0.6027
0.59994
0.597955
0.597093
0.597453
0.598906
0.601163
0.603861
0.606635
0.609162
0.611179
0.612471
0.612868
0.612218
0.610421
0.607417
0.603251
0.598139
0.592486
0.586888
0.581963
0.578153
0.575577
0.574003
0.573027
0.572287
0.571545
0.57065
0.569456
0.567768
0.565416
0.562417
0.559039
0.555768
0.553178
0.551763
0.551818
0.55339
0.55629
0.560161
0.56457
0.569046
0.573127
0.576388
0.578433
0.578968
0.577838
0.575111
0.571083
0.566249
0.561204
0.556542
0.552721
0.550018
0.548499
0.548091
0.548661
0.55006
0.552164
0.554867
0.558067
0.561619
0.565251
0.568554
0.571023
0.572218
0.571994
0.570671
0.569046
0.568236
0.569305
0.572896
0.579021
0.587044
0.595918
0.604477
0.611748
0.61714
0.620506
0.622078
0.62235
0.621886
0.621192
0.620584
0.620135
0.619713
0.619081
0.617954
0.616073
0.613293
0.609631
0.605282
0.600614
0.596079
0.592157
0.589172
0.58722
0.586135
0.585556
0.585106
0.584541
0.583834
0.583166
0.582844
0.583232
0.584627
0.587186
0.590867
0.595388
0.60026
0.604849
0.608469
0.610492
0.610452
0.60814
0.603731
0.597795
0.591206
0.584883
0.579505
0.575299
0.572063
0.569374
0.566897
0.5646
0.562796
0.562023
0.562815
0.565477
0.569878
0.575451
0.581336
0.586644
0.590668
0.593015
0.593634
0.592735
0.590703
0.587944
0.584813
0.581514
0.57815
0.574819
0.571657
0.568923
0.567007
0.566345
0.567348
0.570294
0.575229
0.581909
0.589818
0.598258
0.606453
0.613658
0.619269
0.622871
0.624227
0.623278
0.620144
0.615102
0.608589
0.601205
0.593614
0.586477
0.58036
0.575604
0.572301
0.570308
0.569311
0.56896
0.568965
0.569171
0.569548
0.570165
0.571135
0.572536
0.57436
0.576462
0.578603
0.580476
0.581791
0.582349
0.582073
0.581029
0.579423
0.577584
0.575875
0.574638
0.574123
0.574439
0.575525
0.577174
0.579058
0.58079
0.582034
0.582557
0.582279
0.581272
0.579726
0.577863
0.575879
0.573877
0.571897
0.569931
0.567975
0.566052
0.564205
0.56248
0.560903
0.55948
0.558231
0.557194
0.556471
0.556216
0.556612
0.557839
0.559964
0.562925
0.566513
0.57039
0.574197
0.577636
0.580534
0.58286
0.584663
0.58603
0.587046
0.587756
0.588204
0.588519
0.588955
0.589891
0.591697
0.59452
0.598172
0.602161
0.605872
0.608718
0.610231
0.610099
0.608076
0.603985
0.597756
0.589488
0.579582
0.568834
0.558424
0.549729
0.543999
0.541948
0.543531
0.547938
0.553879
0.55995
0.56493
0.567927
0.568469
0.566505
0.562357
0.556642
0.550175
0.543826
0.538357
0.534337
0.532057
0.53155
0.532636
0.535018
0.538316
0.54211
0.545993
0.549604
0.552694
0.555133
0.556921
0.558153
0.558966
0.559492
0.559798
0.559779
0.559142
0.557476
0.554415
0.549833
0.543942
0.53729
0.530652
0.524876
0.520695
0.518614
0.518824
0.521196
0.525307
0.530552
0.536237
0.541674
0.546295
0.549678
0.551605
0.552071
0.55131
0.549763
0.547994
0.546577
0.545992
0.54657
0.548479
0.551804
0.556542
0.562581
0.569718
0.577638
0.585928
0.594112
0.601704
0.60827
0.613482
0.617119
0.619075
0.619329
0.617951
0.615116
0.611121
0.606354
0.601262
0.596277
0.591694
0.587621
0.583957
0.580449
0.576819
0.572906
0.568728
0.56446
0.560333
0.556534
0.553095
0.549897
0.546733
0.543434
0.539996
0.536597
0.533621
0.53155
0.530809
0.531617
0.533924
0.537477
0.541969
0.547159
0.552937
0.559342
0.566473
0.574403
0.583116
0.592445
0.602086
0.611564
0.620326
0.627822
0.633589
0.637341
0.639042
0.638867
0.637133
0.634168
0.630196
0.625247
0.61917
0.611714
0.602636
0.591824
0.579445
0.566034
0.552516
0.540126
0.530178
0.523794
0.521587
0.523499
0.528847
0.536568
0.545507
0.554651
0.563237
0.570746
0.576819
0.58123
0.583902
0.584937
0.584624
0.583419
0.581847
0.580377
0.579271
0.578577
0.578126
0.577626
0.576773
0.575369
0.57333
0.570704
0.567609
0.56414
0.560335
0.55614
0.551482
0.546352
0.540877
0.535336
0.530165
0.52588
0.522974
0.52177
0.522352
0.524559
0.528047
0.532429
0.537385
0.542695
0.548212
0.553856
0.559532
0.56511
0.570418
0.575261
0.579418
0.5827
0.584931
0.585985
0.585787
0.584249
0.581302
0.576898
0.571041
0.563837
0.555493
0.546366
0.536949
0.527801
0.51946
0.512376
0.506862
0.503103
0.50117
0.501074
0.502788
0.506218
0.51117
0.51732
0.524213
0.531325
0.538128
0.544178
0.549179
0.552982
0.555529
0.556833
0.5569
0.555714
0.553269
0.549632
0.544982
0.539649
0.534083
0.528812
0.524339
0.521045
0.519144
0.518695
0.519636
0.521796
0.52497
0.528879
0.533123
0.537193
0.540539
0.542684
0.543336
0.54246
0.540252
0.53708
0.533407
0.529722
0.526501
0.524159
0.522998
0.523168
0.52463
0.527133
0.53028
0.533659
0.536981
0.540178
0.543381
0.546815
0.550633
0.554776
0.558996
0.562932
0.566213
0.56855
0.569793
0.56996
0.569209
0.567787
0.565928
0.563819
0.561559
0.559198
0.556734
0.554114
0.551232
0.547971
0.544225
0.539957
0.535196
0.530014
0.52454
0.518936
0.51337
0.507995
0.502913
0.498159
0.493758
0.489761
0.486256
0.48334
0.481085
0.479512
0.478584
0.478194
0.478208
0.478533
0.479157
0.48015
0.481613
0.483595
0.486058
0.48888
0.491875
0.494869
0.497767
0.500645
0.503731
0.507391
0.512005
0.517801
0.524738
0.532454
0.540323
0.547617
0.553652
0.55793
0.560164
0.56029
0.558439
0.554832
0.549764
0.543584
0.536695
0.529532
0.522555
0.516226
0.510941
0.506993
0.504491
0.503377
0.503461
0.504492
0.506217
0.508409
0.510898
0.513544
0.516257
0.51903
0.521939
0.525086
0.528527
0.532213
0.535947
0.539386
0.542119
0.543738
0.54394
0.542591
0.539775
0.535787
0.531045
0.526019
0.521142
0.516761
0.513089
0.510199
0.508036
0.506447
0.505217
0.504087
0.502798
0.501143
0.498988
0.496316
0.49325
0.49003
0.486966
0.484385
0.482567
0.48166
0.481689
0.482583
0.48428
0.48675
0.489996
0.494024
0.498761
0.504032
0.509575
0.515069
0.520239
0.524898
0.529007
0.532662
0.536087
0.539559
0.543337
0.547578
0.552277
0.55724
0.562124
0.566493
0.569924
0.572119
0.572965
0.572548
0.571168
0.56929
0.567478
0.566284
0.566165
0.56739
0.569984
0.573741
0.57828
0.583178
0.588045
0.592576
0.596564
0.599807
0.602081
0.603126
0.602665
0.600485
0.596479
0.590747
0.583621
0.575682
0.567678
0.560417
0.554602
0.550649
0.548573
0.548089
0.548787
0.550309
0.552398
0.554884
0.557551
0.560054
0.562017
0.563179
0.563497
0.563152
0.56249
0.561937
0.561858
0.562496
0.563932
0.566068
0.568658
0.571411
0.574103
0.576609
0.57893
0.581168
0.583484
0.586033
0.588933
0.592202
0.595762
0.599391
0.602778
0.605555
0.607337
0.607752
0.606479
0.603345
0.598377
0.591803
0.584119
0.576017
0.568256
0.561545
0.556359
0.552892
0.551046
0.550501
0.550844
0.551668
0.552663
0.553645
0.554599
0.555639
0.556961
0.558805
0.561375
0.564765
0.568883
0.573374
0.577645
0.580962
0.582614
0.582072
0.579112
0.573945
0.567248
0.560084
0.55369
0.549136
0.54698
0.547107
0.548963
0.551942
0.555711
0.560233
0.565595
0.571758
0.578411
0.584986
0.590798
0.595242
0.597922
0.59869
0.597634
0.595014
0.591145
0.586308
0.5807
0.574386
0.567333
0.55954
0.551213
0.542872
0.535368
0.529724
0.526856
0.527295
0.531018
0.537539
0.546061
0.555678
0.565442
0.574484
0.582073
0.587689
0.591071
0.592237
0.591449
0.589159
0.585894
0.582156
0.578326
0.574628
0.571143
0.567869
0.564825
0.562116
0.559969
0.558666
0.558453
0.559436
0.561522
0.564455
0.567927
0.571669
0.575501
0.579338
0.58317
0.586977
0.5907
0.594201
0.597284
0.599716
0.601277
0.601764
0.600985
0.598777
0.595042
0.58973
0.582851
0.574496
0.564842
0.554182
0.542981
0.531892
0.521788
0.513678
0.508541
0.507072
0.50944
0.515204
0.523426
0.532875
0.542339
0.55084
0.557762
0.562904
0.566439
0.568791
0.57045
0.571786
0.572929
0.573717
0.573832
0.572956
0.570867
0.567505
0.56293
0.557318
0.550917
0.54406
0.537185
0.53085
0.525761
0.52267
0.522217
0.524707
0.52992
0.537072
0.545003
0.552457
0.558396
0.5622
0.563685
0.563082
0.560907
0.557818
0.554463
0.551411
0.549094
0.54783
0.54783
0.549203
0.551976
0.556063
0.561239
0.567145
0.573314
0.579209
0.584299
0.588138
0.590442
0.591161
0.590466
0.588725
0.58645
0.584206
0.582422
0.581322
0.580814
0.580554
0.5801
0.579147
0.577735
0.57633
0.575744
0.576752
0.579681
0.584156
0.589217
0.593769
0.596951
0.598347
0.59797
0.59608
0.592987
0.588997
0.584341
0.579177
0.57363
0.567785
0.561712
0.555432
0.548941
0.542228
0.535296
0.528218
0.521184
0.514527
0.508713
0.504273
0.501744
0.501512
0.503768
0.508425
0.515143
0.523354
0.53239
0.541562
0.550233
0.557888
0.564152
0.568765
0.571572
0.572507
0.571564
0.568833
0.564544
0.559108
0.553143
0.547358
0.542398
0.538691
0.536405
0.535508
0.535906
0.537511
0.540221
0.543899
0.54829
0.553044
0.557718
0.561852
0.565005
0.566831
0.567119
0.565785
0.562887
0.558599
0.55318
0.546968
0.540358
0.533796
