-0.0318404
-0.0318501
-0.0318662
-0.0318888
-0.031918
-0.0319537
-0.031996
-0.032045
-0.0321008
-0.0321633
-0.0322328
-0.0323092
-0.0323927
-0.0324858
-0.0325886
-0.0327085
-0.0328362
-0.0329839
-0.0331327
-0.0332972
-0.033463
-0.03364
-0.0338402
-0.0340425
-0.0342614
-0.0344709
-0.0346878
-0.034917
-0.0351661
-0.0354281
-0.0356987
-0.0359783
-0.0362623
-0.0365629
-0.0368758
-0.0372086
-0.0375498
-0.0378997
-0.0382637
-0.0386326
-0.0390117
-0.0394159
-0.0398409
-0.0402731
-0.0407203
-0.0411809
-0.0416768
-0.0421827
-0.0427208
-0.0432658
-0.0438256
-0.0444176
-0.0450309
-0.0456759
-0.0463301
-0.0470228
-0.0477481
-0.0484953
-0.0492704
-0.0500816
-0.0509184
-0.0517753
-0.0526867
-0.0536307
-0.0546227
-0.0556573
-0.0567219
-0.0578349
-0.0589934
-0.0601968
-0.0614446
-0.0627413
-0.064096
-0.0655133
-0.0669788
-0.0685186
-0.0700994
-0.0717639
-0.0734885
-0.0752781
-0.0771424
-0.079077
-0.0810893
-0.0831913
-0.0853692
-0.0876327
-0.0899844
-0.0924196
-0.0949501
-0.0975872
-0.100311
-0.103146
-0.106073
-0.109082
-0.112202
-0.115403
-0.118683
-0.122037
-0.125451
-0.128911
-0.132401
-0.135886
-0.139344
-0.142728
-0.146
-0.14912
-0.152035
-0.154731
-0.157148
-0.159274
-0.161118
-0.162677
-0.163953
-0.164925
-0.165545
-0.165697
-0.165208
-0.163878
-0.161538
-0.158105
-0.153692
-0.148678
-0.143709
-0.139722
-0.137646
-0.138224
-0.141698
-0.147769
-0.155681
-0.164441
-0.173058
-0.180698
-0.186904
-0.19161
-0.195083
-0.197697
-0.199687
-0.20102
-0.201345
-0.200302
-0.197678
-0.193654
-0.188776
-0.183811
-0.179555
-0.176655
-0.175515
-0.176317
-0.179059
-0.183615
-0.189721
-0.19702
-0.205088
-0.213531
-0.221992
-0.230162
-0.237735
-0.244452
-0.250092
-0.254481
-0.257541
-0.259268
-0.259697
-0.258932
-0.257112
-0.254425
-0.251097
-0.247342
-0.243425
-0.239563
-0.235908
-0.232598
-0.229776
-0.227652
-0.226511
-0.226673
-0.228347
-0.231498
-0.235801
-0.240703
-0.245583
-0.249887
-0.253275
-0.255599
-0.25684
-0.257119
-0.256615
-0.255564
-0.254201
-0.252766
-0.251494
-0.250608
-0.25027
-0.250585
-0.251589
-0.253254
-0.255478
-0.258105
-0.260966
-0.26387
-0.266658
-0.269215
-0.271429
-0.273224
-0.274588
-0.275499
-0.275966
-0.275987
-0.275567
-0.274679
-0.273291
-0.271358
-0.268818
-0.265681
-0.262014
-0.257997
-0.253948
-0.250309
-0.247549
-0.246055
-0.246013
-0.247364
-0.249785
-0.252756
-0.255702
-0.258077
-0.259418
-0.259508
-0.258412
-0.256573
-0.25481
-0.254108
-0.255259
-0.258516
-0.263455
-0.269193
-0.274724
-0.279225
-0.28219
-0.28345
-0.283089
-0.281412
-0.278954
-0.27645
-0.274658
-0.274195
-0.275318
-0.277743
-0.28081
-0.283691
-0.28563
-0.286154
-0.285143
-0.282823
-0.279711
-0.276489
-0.273878
-0.272394
-0.272234
-0.273305
-0.275343
-0.278028
-0.281092
-0.284328
-0.28754
-0.290561
-0.293244
-0.295521
-0.297337
-0.298745
-0.299832
-0.3007
-0.301456
-0.302157
-0.3028
-0.303293
-0.3035
-0.30324
-0.302315
-0.300581
-0.297977
-0.294568
-0.290557
-0.286321
-0.282343
-0.279182
-0.277308
-0.27706
-0.278499
-0.281394
-0.285338
-0.28986
-0.294501
-0.298931
-0.302963
-0.306524
-0.309612
-0.312288
-0.314616
-0.31666
-0.31849
-0.320171
-0.321758
-0.323287
-0.324802
-0.32629
-0.327758
-0.32915
-0.330376
-0.331334
-0.331852
-0.33172
-0.330749
-0.328744
-0.325611
-0.321404
-0.316403
-0.311148
-0.306317
-0.302632
-0.300617
-0.300604
-0.302688
-0.30678
-0.312532
-0.319364
-0.32646
-0.332931
-0.338008
-0.341117
-0.341903
-0.340213
-0.33599
-0.32933
-0.320496
-0.309933
-0.298356
-0.286731
-0.276092
-0.267526
-0.261926
-0.25998
-0.261873
-0.267269
-0.275254
-0.284657
-0.294367
-0.303564
-0.311737
-0.318662
-0.324229
-0.32846
-0.331456
-0.333339
-0.334238
-0.334291
-0.33366
-0.332474
-0.330896
-0.329085
-0.327192
-0.325406
-0.323868
-0.322704
-0.321999
-0.321777
-0.322041
-0.322715
-0.323702
-0.324912
-0.32626
-0.327668
-0.32907
-0.330452
-0.331774
-0.333078
-0.334336
-0.335564
-0.336749
-0.337915
-0.339042
-0.340121
-0.341122
-0.342021
-0.342753
-0.343247
-0.34338
-0.343015
-0.341918
-0.339781
-0.336241
-0.330816
-0.323084
-0.312736
-0.300059
-0.286338
-0.274099
-0.266476
-0.265642
-0.271322
-0.281051
-0.291682
-0.300903
-0.307614
-0.311573
-0.312994
-0.312229
-0.309762
-0.306124
-0.302007
-0.298247
-0.295708
-0.295059
-0.296549
-0.299983
-0.304763
-0.310116
-0.315343
-0.319925
-0.323559
-0.326115
-0.327598
-0.328057
-0.327542
-0.326094
-0.323688
-0.32019
-0.315403
-0.30906
-0.300952
-0.291109
-0.280051
-0.269047
-0.260031
-0.25518
-0.255945
-0.26225
-0.272483
-0.284239
-0.29537
-0.304484
-0.311007
-0.314924
-0.316491
-0.31607
-0.314024
-0.310765
-0.306687
-0.30229
-0.298123
-0.294792
-0.292818
-0.292471
-0.293711
-0.296194
-0.299399
-0.302792
-0.305944
-0.30859
-0.310614
-0.311963
-0.312655
-0.312707
-0.312136
-0.310904
-0.308985
-0.306285
-0.302736
-0.298273
-0.292886
-0.286653
-0.279781
-0.27268
-0.265955
-0.260223
-0.25603
-0.253567
-0.252609
-0.252619
-0.252958
-0.253083
-0.252692
-0.251729
-0.250339
-0.248807
-0.247412
-0.246404
-0.245902
-0.245863
-0.246262
-0.247079
-0.248385
-0.250374
-0.253207
-0.256957
-0.261475
-0.266427
-0.271369
-0.275823
-0.279452
-0.28203
-0.283438
-0.283684
-0.282819
-0.280932
-0.27814
-0.274633
-0.27064
-0.266466
-0.26247
-0.259031
-0.256459
-0.254931
-0.254461
-0.254898
-0.255948
-0.257297
-0.258664
-0.259831
-0.260689
-0.261174
-0.261292
-0.261071
-0.260555
-0.25981
-0.25888
-0.257815
-0.256654
-0.255413
-0.254121
-0.252804
-0.251453
-0.250103
-0.248794
-0.247566
-0.246485
-0.245637
-0.245116
-0.244979
-0.245244
-0.245859
-0.246716
-0.247687
-0.248643
-0.249464
-0.250124
-0.250631
-0.251069
-0.251525
-0.252086
-0.252753
-0.253491
-0.254166
-0.254607
-0.254633
-0.254064
-0.2528
-0.250813
-0.248212
-0.245212
-0.242156
-0.239415
-0.237341
-0.236162
-0.235929
-0.236523
-0.237728
-0.23932
-0.241146
-0.243199
-0.2455
-0.248143
-0.251221
-0.254731
-0.258569
-0.262537
-0.266418
-0.270003
-0.273135
-0.27573
-0.277794
-0.279389
-0.280631
-0.281634
-0.282504
-0.283318
-0.284094
-0.284834
-0.285464
-0.285903
-0.286046
-0.285798
-0.285044
-0.283645
-0.281359
-0.277866
-0.272671
-0.265224
-0.255209
-0.24316
-0.231098
-0.22253
-0.221004
-0.227608
-0.240086
-0.254462
-0.267317
-0.276912
-0.282861
-0.285535
-0.285539
-0.283631
-0.280549
-0.277057
-0.273821
-0.271267
-0.26948
-0.268226
-0.267107
-0.265856
-0.264516
-0.263572
-0.263663
-0.265338
-0.268739
-0.273585
-0.279307
-0.285309
-0.29108
-0.296319
-0.300877
-0.304743
-0.307975
-0.310677
-0.312957
-0.31492
-0.316644
-0.318197
-0.319612
-0.320901
-0.322065
-0.323111
-0.324014
-0.324794
-0.325412
-0.325863
-0.326149
-0.326264
-0.326217
-0.325999
-0.325626
-0.325126
-0.324523
-0.323821
-0.32306
-0.322217
-0.321276
-0.320143
-0.318701
-0.316789
-0.314217
-0.310763
-0.306198
-0.300329
-0.293106
-0.284752
-0.275985
-0.268238
-0.263505
-0.263711
-0.26972
-0.280653
-0.294302
-0.308238
-0.320672
-0.330704
-0.338166
-0.343255
-0.346299
-0.347662
-0.347643
-0.346477
-0.344328
-0.341357
-0.337679
-0.33344
-0.328803
-0.324021
-0.319368
-0.315151
-0.311602
-0.308868
-0.306891
-0.305386
-0.303974
-0.302284
-0.300291
-0.298402
-0.297514
-0.298678
-0.302645
-0.309396
-0.318071
-0.327453
-0.336417
-0.344216
-0.350534
-0.355337
-0.358739
-0.360896
-0.361962
-0.362045
-0.361203
-0.359454
-0.356768
-0.353114
-0.348479
-0.342862
-0.336372
-0.32926
-0.321906
-0.31493
-0.309019
-0.30487
-0.302955
-0.303383
-0.305878
-0.309897
-0.314862
-0.320263
-0.325745
-0.331065
-0.336048
-0.340476
-0.344056
-0.346468
-0.347225
-0.345839
-0.341964
-0.335623
-0.327595
-0.319736
-0.31462
-0.314464
-0.319854
-0.329288
-0.340289
-0.350665
-0.35925
-0.365718
-0.370312
-0.373447
-0.375541
-0.376933
-0.377861
-0.378482
-0.37892
-0.379212
-0.379411
-0.379546
-0.379678
-0.379839
-0.380088
-0.380508
-0.381144
-0.382057
-0.383266
-0.38474
-0.386376
-0.387941
-0.389063
-0.389193
-0.387561
-0.383263
-0.375522
-0.364304
-0.351224
-0.340089
-0.335712
-0.340716
-0.353308
-0.368766
-0.382671
-0.392671
-0.398239
-0.399667
-0.397335
-0.391266
-0.381067
-0.366177
-0.346781
-0.325367
-0.307771
-0.301078
-0.308293
-0.325447
-0.345337
-0.362731
-0.375834
-0.385043
-0.391481
-0.396221
-0.400076
-0.403572
-0.407048
-0.41064
-0.414372
-0.418115
-0.421654
-0.424737
-0.427088
-0.428454
-0.428577
-0.427275
-0.424414
-0.419991
-0.414182
-0.407429
-0.400448
-0.394112
-0.389325
-0.38672
-0.386545
-0.388607
-0.392344
-0.397
-0.401706
-0.405582
-0.407767
-0.407467
-0.404003
-0.397008
-0.38686
-0.375161
-0.364912
-0.359596
-0.361195
-0.36888
-0.379666
-0.390399
-0.399146
-0.405278
-0.409044
-0.411011
-0.411785
-0.411869
-0.411565
-0.411021
-0.410214
-0.409007
-0.40719
-0.404652
-0.401374
-0.39756
-0.393639
-0.3901
-0.387309
-0.385372
-0.38403
-0.382823
-0.38133
-0.379351
-0.377058
-0.374933
-0.373625
-0.373655
-0.375143
-0.377691
-0.380539
-0.382916
-0.384238
-0.384282
-0.383111
-0.380999
-0.378338
-0.375582
-0.373091
-0.371199
-0.369986
-0.369394
-0.369187
-0.368975
-0.368347
-0.366896
-0.364325
-0.36052
-0.35561
-0.349955
-0.344153
-0.338912
-0.334922
-0.332732
-0.332627
-0.334459
-0.337678
-0.341444
-0.344868
-0.347218
-0.348048
-0.347282
-0.345168
-0.34209
-0.338565
-0.335112
-0.332172
-0.330099
-0.329123
-0.329342
-0.330662
-0.332881
-0.335606
-0.338427
-0.341011
-0.343137
-0.344734
-0.345822
-0.346521
-0.346934
-0.347203
-0.347414
-0.347621
-0.347866
-0.348154
-0.348446
-0.348734
-0.348997
-0.349224
-0.34941
-0.349511
-0.349544
-0.349509
-0.349377
-0.349164
-0.348858
-0.348431
-0.347882
-0.347176
-0.346287
-0.345197
-0.343865
-0.342266
-0.340428
-0.338364
-0.336173
-0.333985
-0.331975
-0.330361
-0.329319
-0.328961
-0.329264
-0.330119
-0.331289
-0.332549
-0.333683
-0.334572
-0.33517
-0.335527
-0.335746
-0.335969
-0.336305
-0.336828
-0.337609
-0.338614
-0.339833
-0.341175
-0.342564
-0.343883
-0.345042
-0.345917
-0.346414
-0.346437
-0.345922
-0.344826
-0.343097
-0.340748
-0.337831
-0.334392
-0.330551
-0.326437
-0.322293
-0.318471
-0.315441
-0.313765
-0.31392
-0.316133
-0.320195
-0.325524
-0.331312
-0.33666
-0.340758
-0.342861
-0.34225
-0.338234
-0.330172
-0.317778
-0.301674
-0.28401
-0.268366
-0.25839
-0.255577
-0.0318404
-0.0318501
-0.0318662
-0.0318888
-0.031918
-0.0319537
-0.031996
-0.032045
-0.0321008
-0.0321633
-0.0322328
-0.0323092
-0.0323927
-0.0324858
-0.0325886
-0.0327085
-0.0328362
-0.0329839
-0.0331327
-0.0332972
-0.033463
-0.03364
-0.0338402
-0.0340425
-0.0342614
-0.0344709
-0.0346878
-0.034917
-0.0351661
-0.0354281
-0.0356987
-0.0359783
-0.0362623
-0.0365629
-0.0368758
-0.0372086
-0.0375498
-0.0378997
-0.0382637
-0.0386326
-0.0390117
-0.0394159
-0.0398409
-0.0402731
-0.0407203
-0.0411809
-0.0416768
-0.0421827
-0.0427208
-0.0432658
-0.0438256
-0.0444176
-0.0450309
-0.0456759
-0.0463301
-0.0470228
-0.0477481
-0.0484953
-0.0492704
-0.0500816
-0.0509184
-0.0517753
-0.0526867
-0.0536307
-0.0546227
-0.0556573
-0.0567219
-0.0578349
-0.0589934
-0.0601968
-0.0614446
-0.0627413
-0.064096
-0.0655133
-0.0669788
-0.0685186
-0.0700994
-0.0717639
-0.0734885
-0.0752781
-0.0771424
-0.079077
-0.0810893
-0.0831913
-0.0853692
-0.0876327
-0.0899844
-0.0924196
-0.0949501
-0.0975872
-0.100311
-0.103146
-0.106073
-0.109082
-0.112202
-0.115403
-0.118683
-0.122037
-0.125451
-0.128911
-0.132401
-0.135886
-0.139344
-0.142728
-0.146
-0.14912
-0.152035
-0.154731
-0.157148
-0.159274
-0.161118
-0.162677
-0.163953
-0.164925
-0.165545
-0.165697
-0.165208
-0.163878
-0.161538
-0.158105
-0.153692
-0.148678
-0.143709
-0.139722
-0.137646
-0.138224
-0.141698
-0.147769
-0.155681
-0.164441
-0.173058
-0.180698
-0.186904
-0.19161
-0.195083
-0.197697
-0.199687
-0.20102
-0.201345
-0.200302
-0.197678
-0.193654
-0.188776
-0.183811
-0.179555
-0.176655
-0.175515
-0.176317
-0.179059
-0.183615
-0.189721
-0.19702
-0.205088
-0.213531
-0.221992
-0.230162
-0.237735
-0.244452
-0.250092
-0.254481
-0.257541
-0.259268
-0.259697
-0.258932
-0.257112
-0.254425
-0.251097
-0.247342
-0.243425
-0.239563
-0.235908
-0.232598
-0.229776
-0.227652
-0.226511
-0.226673
-0.228347
-0.231498
-0.235801
-0.240703
-0.245583
-0.249887
-0.253275
-0.255599
-0.25684
-0.257119
-0.256615
-0.255564
-0.254201
-0.252766
-0.251494
-0.250608
-0.25027
-0.250585
-0.251589
-0.253254
-0.255478
-0.258105
-0.260966
-0.26387
-0.266658
-0.269215
-0.271429
-0.273224
-0.274588
-0.275499
-0.275966
-0.275987
-0.275567
-0.274679
-0.273291
-0.271358
-0.268818
-0.265681
-0.262014
-0.257997
-0.253948
-0.250309
-0.247549
-0.246055
-0.246013
-0.247364
-0.249785
-0.252756
-0.255702
-0.258077
-0.259418
-0.259508
-0.258412
-0.256573
-0.25481
-0.254108
-0.255259
-0.258516
-0.263455
-0.269193
-0.274724
-0.279225
-0.28219
-0.28345
-0.283089
-0.281412
-0.278954
-0.27645
-0.274658
-0.274195
-0.275318
-0.277743
-0.28081
-0.283691
-0.28563
-0.286154
-0.285143
-0.282823
-0.279711
-0.276489
-0.273878
-0.272394
-0.272234
-0.273305
-0.275343
-0.278028
-0.281092
-0.284328
-0.28754
-0.290561
-0.293244
-0.295521
-0.297337
-0.298745
-0.299832
-0.3007
-0.301456
-0.302157
-0.3028
-0.303293
-0.3035
-0.30324
-0.302315
-0.300581
-0.297977
-0.294568
-0.290557
-0.286321
-0.282343
-0.279182
-0.277308
-0.27706
-0.278499
-0.281394
-0.285338
-0.28986
-0.294501
-0.298931
-0.302963
-0.306524
-0.309612
-0.312288
-0.314616
-0.31666
-0.31849
-0.320171
-0.321758
-0.323287
-0.324802
-0.32629
-0.327758
-0.32915
-0.330376
-0.331334
-0.331852
-0.33172
-0.330749
-0.328744
-0.325611
-0.321404
-0.316403
-0.311148
-0.306317
-0.302632
-0.300617
-0.300604
-0.302688
-0.30678
-0.312532
-0.319364
-0.32646
-0.332931
-0.338008
-0.341117
-0.341903
-0.340213
-0.33599
-0.32933
-0.320496
-0.309933
-0.298356
-0.286731
-0.276092
-0.267526
-0.261926
-0.25998
-0.261873
-0.267269
-0.275254
-0.284657
-0.294367
-0.303564
-0.311737
-0.318662
-0.324229
-0.32846
-0.331456
-0.333339
-0.334238
-0.334291
-0.33366
-0.332474
-0.330896
-0.329085
-0.327192
-0.325406
-0.323868
-0.322704
-0.321999
-0.321777
-0.322041
-0.322715
-0.323702
-0.324912
-0.32626
-0.327668
-0.32907
-0.330452
-0.331774
-0.333078
-0.334336
-0.335564
-0.336749
-0.337915
-0.339042
-0.340121
-0.341122
-0.342021
-0.342753
-0.343247
-0.34338
-0.343015
-0.341918
-0.339781
-0.336241
-0.330816
-0.323084
-0.312736
-0.300059
-0.286338
-0.274099
-0.266476
-0.265642
-0.271322
-0.281051
-0.291682
-0.300903
-0.307614
-0.311573
-0.312994
-0.312229
-0.309762
-0.306124
-0.302007
-0.298247
-0.295708
-0.295059
-0.296549
-0.299983
-0.304763
-0.310116
-0.315343
-0.319925
-0.323559
-0.326115
-0.327598
-0.328057
-0.327542
-0.326094
-0.323688
-0.32019
-0.315403
-0.30906
-0.300952
-0.291109
-0.280051
-0.269047
-0.260031
-0.25518
-0.255945
-0.26225
-0.272483
-0.284239
-0.29537
-0.304484
-0.311007
-0.314924
-0.316491
-0.31607
-0.314024
-0.310765
-0.306687
-0.30229
-0.298123
-0.294792
-0.292818
-0.292471
-0.293711
-0.296194
-0.299399
-0.302792
-0.305944
-0.30859
-0.310614
-0.311963
-0.312655
-0.312707
-0.312136
-0.310904
-0.308985
-0.306285
-0.302736
-0.298273
-0.292886
-0.286653
-0.279781
-0.27268
-0.265955
-0.260223
-0.25603
-0.253567
-0.252609
-0.252619
-0.252958
-0.253083
-0.252692
-0.251729
-0.250339
-0.248807
-0.247412
-0.246404
-0.245902
-0.245863
-0.246262
-0.247079
-0.248385
-0.250374
-0.253207
-0.256957
-0.261475
-0.266427
-0.271369
-0.275823
-0.279452
-0.28203
-0.283438
-0.283684
-0.282819
-0.280932
-0.27814
-0.274633
-0.27064
-0.266466
-0.26247
-0.259031
-0.256459
-0.254931
-0.254461
-0.254898
-0.255948
-0.257297
-0.258664
-0.259831
-0.260689
-0.261174
-0.261292
-0.261071
-0.260555
-0.25981
-0.25888
-0.257815
-0.256654
-0.255413
-0.254121
-0.252804
-0.251453
-0.250103
-0.248794
-0.247566
-0.246485
-0.245637
-0.245116
-0.244979
-0.245244
-0.245859
-0.246716
-0.247687
-0.248643
-0.249464
-0.250124
-0.250631
-0.251069
-0.251525
-0.252086
-0.252753
-0.253491
-0.254166
-0.254607
-0.254633
-0.254064
-0.2528
-0.250813
-0.248212
-0.245212
-0.242156
-0.239415
-0.237341
-0.236162
-0.235929
-0.236523
-0.237728
-0.23932
-0.241146
-0.243199
-0.2455
-0.248143
-0.251221
-0.254731
-0.258569
-0.262537
-0.266418
-0.270003
-0.273135
-0.27573
-0.277794
-0.279389
-0.280631
-0.281634
-0.282504
-0.283318
-0.284094
-0.284834
-0.285464
-0.285903
-0.286046
-0.285798
-0.285044
-0.283645
-0.281359
-0.277866
-0.272671
-0.265224
-0.255209
-0.24316
-0.231098
-0.22253
-0.221004
-0.227608
-0.240086
-0.254462
-0.267317
-0.276912
-0.282861
-0.285535
-0.285539
-0.283631
-0.280549
-0.277057
-0.273821
-0.271267
-0.26948
-0.268226
-0.267107
-0.265856
-0.264516
-0.263572
-0.263663
-0.265338
-0.268739
-0.273585
-0.279307
-0.285309
-0.29108
-0.296319
-0.300877
-0.304743
-0.307975
-0.310677
-0.312957
-0.31492
-0.316644
-0.318197
-0.319612
-0.320901
-0.322065
-0.323111
-0.324014
-0.324794
-0.325412
-0.325863
-0.326149
-0.326264
-0.326217
-0.325999
-0.325626
-0.325126
-0.324523
-0.323821
-0.32306
-0.322217
-0.321276
-0.320143
-0.318701
-0.316789
-0.314217
-0.310763
-0.306198
-0.300329
-0.293106
-0.284752
-0.275985
-0.268238
-0.263505
-0.263711
-0.26972
-0.280653
-0.294302
-0.308238
-0.320672
-0.330704
-0.338166
-0.343255
-0.346299
-0.347662
-0.347643
-0.346477
-0.344328
-0.341357
-0.337679
-0.33344
-0.328803
-0.324021
-0.319368
-0.315151
-0.311602
-0.308868
-0.306891
-0.305386
-0.303974
-0.302284
-0.300291
-0.298402
-0.297514
-0.298678
-0.302645
-0.309396
-0.318071
-0.327453
-0.336417
-0.344216
-0.350534
-0.355337
-0.358739
-0.360896
-0.361962
-0.362045
-0.361203
-0.359454
-0.356768
-0.353114
-0.348479
-0.342862
-0.336372
-0.32926
-0.321906
-0.31493
-0.309019
-0.30487
-0.302955
-0.303383
-0.305878
-0.309897
-0.314862
-0.320263
-0.325745
-0.331065
-0.336048
-0.340476
-0.344056
-0.346468
-0.347225
-0.345839
-0.341964
-0.335623
-0.327595
-0.319736
-0.31462
-0.314464
-0.319854
-0.329288
-0.340289
-0.350665
-0.35925
-0.365718
-0.370312
-0.373447
-0.375541
-0.376933
-0.377861
-0.378482
-0.37892
-0.379212
-0.379411
-0.379546
-0.379678
-0.379839
-0.380088
-0.380508
-0.381144
-0.382057
-0.383266
-0.38474
-0.386376
-0.387941
-0.389063
-0.389193
-0.387561
-0.383263
-0.375522
-0.364304
-0.351224
-0.340089
-0.335712
-0.340716
-0.353308
-0.368766
-0.382671
-0.392671
-0.398239
-0.399667
-0.397335
-0.391266
-0.381067
-0.366177
-0.346781
-0.325367
-0.307771
-0.301078
-0.308293
-0.325447
-0.345337
-0.362731
-0.375834
-0.385043
-0.391481
-0.396221
-0.400076
-0.403572
-0.407048
-0.41064
-0.414372
-0.418115
-0.421654
-0.424737
-0.427088
-0.428454
-0.428577
-0.427275
-0.424414
-0.419991
-0.414182
-0.407429
-0.400448
-0.394112
-0.389325
-0.38672
-0.386545
-0.388607
-0.392344
-0.397
-0.401706
-0.405582
-0.407767
-0.407467
-0.404003
-0.397008
-0.38686
-0.375161
-0.364912
-0.359596
-0.361195
-0.36888
-0.379666
-0.390399
-0.399146
-0.405278
-0.409044
-0.411011
-0.411785
-0.411869
-0.411565
-0.411021
-0.410214
-0.409007
-0.40719
-0.404652
-0.401374
-0.39756
-0.393639
-0.3901
-0.387309
-0.385372
-0.38403
-0.382823
-0.38133
-0.379351
-0.377058
-0.374933
-0.373625
-0.373655
-0.375143
-0.377691
-0.380539
-0.382916
-0.384238
-0.384282
-0.383111
-0.380999
-0.378338
-0.375582
-0.373091
-0.371199
-0.369986
-0.369394
-0.369187
-0.368975
-0.368347
-0.366896
-0.364325
-0.36052
-0.35561
-0.349955
-0.344153
-0.338912
-0.334922
-0.332732
-0.332627
-0.334459
-0.337678
-0.341444
-0.344868
-0.347218
-0.348048
-0.347282
-0.345168
-0.34209
-0.338565
-0.335112
-0.332172
-0.330099
-0.329123
-0.329342
-0.330662
-0.332881
-0.335606
-0.338427
-0.341011
-0.343137
-0.344734
-0.345822
-0.346521
-0.346934
-0.347203
-0.347414
-0.347621
-0.347866
-0.348154
-0.348446
-0.348734
-0.348997
-0.349224
-0.34941
-0.349511
-0.349544
-0.349509
-0.349377
-0.349164
-0.348858
-0.348431
-0.347882
-0.347176
-0.346287
-0.345197
-0.343865
-0.342266
-0.340428
-0.338364
-0.336173
-0.333985
-0.331975
-0.330361
-0.329319
-0.328961
-0.329264
-0.330119
-0.331289
-0.332549
-0.333683
-0.334572
-0.33517
-0.335527
-0.335746
-0.335969
-0.336305
-0.336828
-0.337609
-0.338614
-0.339833
-0.341175
-0.342564
-0.343883
-0.345042
-0.345917
-0.346414
-0.346437
-0.345922
-0.344826
-0.343097
-0.340748
-0.337831
-0.334392
-0.330551
-0.326437
-0.322293
-0.318471
-0.315441
-0.313765
-0.31392
-0.316133
-0.320195
-0.325524
-0.331312
-0.33666
-0.340758
-0.342861
-0.34225
-0.338234
-0.330172
-0.317778
-0.301674
-0.28401
-0.268366
-0.25839
-0.255577
-6.36314
-6.35821
-6.34963
-6.33657
-6.31791
-6.29244
-6.2609
-6.21894
-6.16874
-6.10817
-6.03806
-5.95872
-5.87217
-5.78065
-5.69204
-5.6101
-5.5398
-5.48452
-5.44731
-5.42797
-5.42331
-5.43259
-5.44949
-5.47313
-5.49918
-5.52628
-5.55119
-5.57537
-5.59431
-5.6109
-5.62379
-5.63241
-5.63784
-5.6409
-5.64172
-5.6383
-5.63086
-5.62124
-5.60959
-5.59621
-5.58313
-5.57168
-5.56177
-5.55618
-5.55423
-5.55552
-5.56287
-5.57148
-5.58186
-5.59263
-5.6025
-5.61035
-5.61557
-5.61707
-5.61602
-5.61379
-5.61034
-5.60536
-5.60131
-5.59848
-5.59752
-5.59793
-5.60026
-5.60358
-5.60721
-5.61106
-5.61448
-5.61726
-5.61953
-5.61998
-5.61854
-5.61566
-5.61143
-5.60517
-5.59708
-5.58902
-5.58084
-5.57329
-5.56837
-5.56452
-5.56258
-5.56103
-5.55978
-5.5588
-5.55758
-5.55633
-5.55295
-5.54887
-5.54489
-5.53935
-5.5339
-5.52956
-5.52749
-5.52781
-5.53114
-5.53581
-5.54112
-5.54733
-5.55431
-5.56019
-5.56417
-5.56733
-5.56789
-5.5667
-5.56269
-5.55694
-5.54917
-5.54192
-5.53487
-5.5299
-5.52527
-5.52362
-5.52407
-5.52551
-5.52682
-5.53082
-5.53541
-5.54134
-5.54655
-5.55182
-5.55624
-5.55977
-5.56121
-5.56082
-5.55918
-5.55648
-5.55593
-5.55743
-5.56322
-5.57244
-5.58483
-5.59833
-5.61012
-5.62244
-5.62977
-5.63513
-5.63756
-5.63751
-5.6366
-5.63541
-5.63437
-5.63401
-5.63352
-5.63222
-5.63058
-5.62778
-5.62362
-5.61756
-5.6102
-5.60288
-5.59599
-5.59129
-5.58681
-5.58358
-5.58236
-5.58138
-5.5801
-5.57862
-5.57725
-5.57597
-5.57587
-5.57719
-5.5787
-5.58286
-5.58854
-5.59556
-5.60363
-5.61102
-5.61579
-5.6184
-5.61845
-5.6145
-5.60715
-5.59809
-5.58712
-5.57805
-5.57045
-5.56537
-5.56078
-5.5571
-5.55325
-5.55046
-5.54771
-5.54615
-5.54791
-5.55218
-5.55916
-5.56808
-5.57673
-5.58439
-5.59019
-5.59255
-5.59398
-5.59243
-5.58895
-5.58488
-5.57985
-5.57458
-5.57135
-5.56576
-5.56091
-5.55584
-5.55283
-5.5513
-5.55233
-5.55705
-5.56474
-5.57498
-5.58728
-5.60192
-5.61502
-5.62578
-5.63361
-5.63869
-5.63978
-5.63756
-5.63285
-5.62488
-5.61479
-5.60439
-5.59378
-5.58259
-5.57345
-5.56714
-5.56255
-5.55898
-5.55745
-5.55715
-5.55734
-5.55737
-5.55842
-5.55909
-5.5603
-5.56171
-5.56511
-5.56783
-5.57103
-5.57362
-5.57519
-5.5753
-5.57446
-5.57264
-5.56987
-5.5668
-5.56474
-5.56389
-5.56293
-5.56368
-5.56587
-5.5684
-5.57123
-5.57423
-5.57585
-5.57682
-5.57583
-5.57422
-5.57229
-5.56962
-5.56694
-5.56439
-5.56173
-5.55908
-5.5569
-5.55448
-5.55067
-5.5478
-5.54546
-5.5432
-5.5412
-5.53893
-5.5379
-5.53836
-5.53922
-5.5421
-5.54572
-5.54876
-5.55406
-5.5605
-5.56708
-5.57322
-5.57733
-5.58089
-5.58307
-5.5846
-5.58623
-5.5868
-5.58684
-5.5864
-5.58665
-5.58861
-5.59223
-5.59676
-5.60218
-5.60831
-5.61318
-5.61652
-5.61766
-5.61734
-5.61356
-5.60725
-5.59744
-5.5843
-5.56895
-5.55203
-5.53613
-5.5227
-5.51417
-5.51091
-5.51378
-5.52132
-5.52974
-5.53996
-5.54734
-5.55134
-5.55222
-5.55028
-5.54332
-5.53457
-5.52468
-5.51509
-5.50692
-5.50038
-5.49663
-5.49657
-5.49903
-5.50216
-5.50676
-5.51249
-5.5186
-5.5235
-5.52895
-5.53356
-5.53661
-5.53823
-5.5397
-5.54091
-5.54072
-5.54154
-5.54045
-5.53747
-5.53234
-5.5251
-5.51671
-5.50728
-5.49785
-5.48877
-5.48309
-5.48031
-5.48097
-5.48527
-5.49241
-5.50054
-5.50878
-5.51821
-5.52467
-5.52818
-5.52933
-5.52983
-5.52884
-5.52689
-5.52426
-5.52162
-5.52151
-5.52332
-5.52699
-5.53159
-5.53936
-5.54845
-5.55899
-5.57066
-5.58311
-5.59563
-5.60749
-5.61761
-5.62612
-5.63147
-5.63325
-5.63368
-5.63123
-5.62647
-5.62004
-5.61326
-5.60531
-5.59787
-5.59062
-5.58474
-5.57883
-5.57372
-5.56748
-5.56112
-5.55406
-5.54812
-5.54273
-5.53829
-5.53273
-5.52825
-5.52304
-5.51852
-5.5126
-5.50723
-5.50377
-5.50009
-5.49905
-5.50019
-5.50401
-5.50996
-5.51681
-5.52529
-5.53374
-5.54421
-5.55547
-5.56719
-5.58007
-5.59398
-5.60754
-5.6223
-5.63514
-5.64675
-5.65481
-5.65983
-5.66178
-5.66156
-5.65815
-5.65324
-5.64774
-5.64016
-5.6301
-5.61808
-5.60421
-5.58804
-5.57018
-5.54997
-5.52993
-5.51192
-5.49792
-5.48804
-5.48521
-5.4882
-5.49621
-5.50805
-5.5214
-5.53553
-5.54888
-5.55935
-5.56762
-5.57428
-5.57682
-5.5789
-5.57872
-5.57727
-5.57565
-5.57274
-5.57084
-5.57015
-5.56919
-5.56795
-5.5669
-5.56501
-5.56216
-5.55874
-5.55343
-5.54788
-5.54076
-5.53485
-5.52673
-5.51867
-5.51133
-5.5035
-5.49539
-5.48823
-5.48501
-5.48272
-5.48431
-5.48769
-5.49293
-5.499
-5.50726
-5.51526
-5.52326
-5.52962
-5.53858
-5.54692
-5.55483
-5.56216
-5.56842
-5.5735
-5.57683
-5.57823
-5.57789
-5.57477
-5.57059
-5.56391
-5.55522
-5.54483
-5.53216
-5.51854
-5.50382
-5.49018
-5.47783
-5.46697
-5.45925
-5.45343
-5.45141
-5.45139
-5.45483
-5.46083
-5.46937
-5.47934
-5.4896
-5.4998
-5.51007
-5.51825
-5.52618
-5.532
-5.53548
-5.53605
-5.53551
-5.53339
-5.52923
-5.52406
-5.51711
-5.50935
-5.5001
-5.49243
-5.48572
-5.48143
-5.47865
-5.4791
-5.48085
-5.48457
-5.48916
-5.49525
-5.50117
-5.5066
-5.51162
-5.51463
-5.51568
-5.51445
-5.51096
-5.5061
-5.50085
-5.49551
-5.49003
-5.48683
-5.48468
-5.48589
-5.48781
-5.49154
-5.49723
-5.50321
-5.50787
-5.5122
-5.51763
-5.52268
-5.52907
-5.53441
-5.53951
-5.54474
-5.54938
-5.55228
-5.55337
-5.55347
-5.55132
-5.54896
-5.54627
-5.54263
-5.54012
-5.53687
-5.53376
-5.52905
-5.52588
-5.52153
-5.51568
-5.5089
-5.50214
-5.49477
-5.48637
-5.47781
-5.46903
-5.4601
-5.45267
-5.4462
-5.4392
-5.43387
-5.429
-5.42381
-5.41933
-5.41737
-5.41546
-5.41585
-5.41638
-5.41661
-5.41895
-5.42005
-5.42202
-5.42507
-5.42928
-5.43295
-5.43761
-5.44208
-5.44566
-5.45015
-5.45513
-5.46059
-5.46783
-5.47625
-5.48666
-5.4986
-5.51007
-5.52102
-5.52908
-5.5346
-5.53778
-5.53857
-5.53627
-5.53077
-5.52328
-5.51357
-5.50347
-5.49272
-5.48247
-5.4722
-5.46431
-5.45799
-5.454
-5.45208
-5.45221
-5.45343
-5.45489
-5.45823
-5.46215
-5.46659
-5.47096
-5.47529
-5.48074
-5.48565
-5.49176
-5.49747
-5.50366
-5.50889
-5.51315
-5.51523
-5.51515
-5.5129
-5.50893
-5.50265
-5.49637
-5.48898
-5.48141
-5.47524
-5.46955
-5.46533
-5.46339
-5.46183
-5.46032
-5.45786
-5.45558
-5.45273
-5.44912
-5.44383
-5.43949
-5.43481
-5.43027
-5.4268
-5.42465
-5.42389
-5.42467
-5.42644
-5.4297
-5.43383
-5.43881
-5.44482
-5.45202
-5.46029
-5.46801
-5.47592
-5.48346
-5.48946
-5.49494
-5.50112
-5.50519
-5.50937
-5.5148
-5.52123
-5.52819
-5.5355
-5.54277
-5.54967
-5.55449
-5.55744
-5.55805
-5.55711
-5.55417
-5.55223
-5.55017
-5.54927
-5.54913
-5.55178
-5.55526
-5.56104
-5.56778
-5.57515
-5.58302
-5.58824
-5.59397
-5.59886
-5.60241
-5.60437
-5.60404
-5.6011
-5.59407
-5.58538
-5.57498
-5.56301
-5.55136
-5.54094
-5.53294
-5.5276
-5.52505
-5.52423
-5.52557
-5.52826
-5.53101
-5.53508
-5.53788
-5.54112
-5.54441
-5.54558
-5.54639
-5.54564
-5.54418
-5.5434
-5.54429
-5.54506
-5.54824
-5.55107
-5.5547
-5.55944
-5.56315
-5.56643
-5.56883
-5.57204
-5.57523
-5.57956
-5.58351
-5.58967
-5.59534
-5.60093
-5.60624
-5.61044
-5.61248
-5.61287
-5.61114
-5.60676
-5.59859
-5.58898
-5.57779
-5.56548
-5.5532
-5.54334
-5.53596
-5.53192
-5.53013
-5.53008
-5.5307
-5.53228
-5.53378
-5.53509
-5.53728
-5.53887
-5.54121
-5.54468
-5.54866
-5.55341
-5.55892
-5.56522
-5.57138
-5.576
-5.57848
-5.5764
-5.57055
-5.56206
-5.5508
-5.53979
-5.52965
-5.52316
-5.51984
-5.52048
-5.52362
-5.52807
-5.53414
-5.54089
-5.55012
-5.55856
-5.56993
-5.58003
-5.58843
-5.59485
-5.59889
-5.60021
-5.59822
-5.59378
-5.58811
-5.58073
-5.57221
-5.56309
-5.55179
-5.5403
-5.52822
-5.51531
-5.50396
-5.49586
-5.49203
-5.4938
-5.49969
-5.50968
-5.52285
-5.53751
-5.5512
-5.56428
-5.5754
-5.58275
-5.58733
-5.58876
-5.58732
-5.58415
-5.57855
-5.57321
-5.56747
-5.5615
-5.55585
-5.55067
-5.54584
-5.54215
-5.53918
-5.53677
-5.53648
-5.53828
-5.54186
-5.54651
-5.55193
-5.55726
-5.56347
-5.56801
-5.57376
-5.57961
-5.58593
-5.59144
-5.59674
-5.60042
-5.60261
-5.60362
-5.60179
-5.59871
-5.59363
-5.58512
-5.57533
-5.56289
-5.54839
-5.53319
-5.51605
-5.4995
-5.48382
-5.47264
-5.46499
-5.46216
-5.46747
-5.47626
-5.48902
-5.50342
-5.51814
-5.53129
-5.54201
-5.54931
-5.55365
-5.55689
-5.55976
-5.56159
-5.56296
-5.56331
-5.56335
-5.56232
-5.55824
-5.55271
-5.54568
-5.53758
-5.52743
-5.51801
-5.50834
-5.49837
-5.49144
-5.48731
-5.48676
-5.49094
-5.49957
-5.5105
-5.52256
-5.53372
-5.54234
-5.54816
-5.5502
-5.54886
-5.54557
-5.54055
-5.53598
-5.53254
-5.52936
-5.52809
-5.52754
-5.52935
-5.53357
-5.53988
-5.54718
-5.55611
-5.5643
-5.57351
-5.58084
-5.58623
-5.58854
-5.58984
-5.58801
-5.58528
-5.58183
-5.57836
-5.57517
-5.57287
-5.57263
-5.57315
-5.57225
-5.5715
-5.56873
-5.56654
-5.56509
-5.56795
-5.57246
-5.57949
-5.58723
-5.59511
-5.59933
-5.60115
-5.60124
-5.59821
-5.59341
-5.58656
-5.57964
-5.57152
-5.56331
-5.55495
-5.54551
-5.53621
-5.52659
-5.51664
-5.50606
-5.49543
-5.48537
-5.47577
-5.46768
-5.46172
-5.45885
-5.45842
-5.46172
-5.4692
-5.47924
-5.49158
-5.5055
-5.51756
-5.52954
-5.54069
-5.55
-5.55696
-5.56089
-5.56216
-5.56017
-5.55552
-5.54963
-5.5412
-5.53133
-5.52288
-5.51546
-5.50965
-5.50689
-5.5062
-5.50759
-5.51017
-5.51454
-5.52018
-5.5264
-5.53355
-5.54112
-5.54795
-5.55205
-5.55472
-5.55506
-5.55207
-5.54765
-5.54133
-5.53351
-5.5241
-5.51416
-5.50391
-6.36314
-6.35821
-6.34963
-6.33657
-6.31791
-6.29244
-6.2609
-6.21894
-6.16874
-6.10817
-6.03806
-5.95872
-5.87217
-5.78065
-5.69204
-5.6101
-5.5398
-5.48452
-5.44731
-5.42797
-5.42331
-5.43259
-5.44949
-5.47313
-5.49918
-5.52628
-5.55119
-5.57537
-5.59431
-5.6109
-5.62379
-5.63241
-5.63784
-5.6409
-5.64172
-5.6383
-5.63086
-5.62124
-5.60959
-5.59621
-5.58313
-5.57168
-5.56177
-5.55618
-5.55423
-5.55552
-5.56287
-5.57148
-5.58186
-5.59263
-5.6025
-5.61035
-5.61557
-5.61707
-5.61602
-5.61379
-5.61034
-5.60536
-5.60131
-5.59848
-5.59752
-5.59793
-5.60026
-5.60358
-5.60721
-5.61106
-5.61448
-5.61726
-5.61953
-5.61998
-5.61854
-5.61566
-5.61143
-5.60517
-5.59708
-5.58902
-5.58084
-5.57329
-5.56837
-5.56452
-5.56258
-5.56103
-5.55978
-5.5588
-5.55758
-5.55633
-5.55295
-5.54887
-5.54489
-5.53935
-5.5339
-5.52956
-5.52749
-5.52781
-5.53114
-5.53581
-5.54112
-5.54733
-5.55431
-5.56019
-5.56417
-5.56733
-5.56789
-5.5667
-5.56269
-5.55694
-5.54917
-5.54192
-5.53487
-5.5299
-5.52527
-5.52362
-5.52407
-5.52551
-5.52682
-5.53082
-5.53541
-5.54134
-5.54655
-5.55182
-5.55624
-5.55977
-5.56121
-5.56082
-5.55918
-5.55648
-5.55593
-5.55743
-5.56322
-5.57244
-5.58483
-5.59833
-5.61012
-5.62244
-5.62977
-5.63513
-5.63756
-5.63751
-5.6366
-5.63541
-5.63437
-5.63401
-5.63352
-5.63222
-5.63058
-5.62778
-5.62362
-5.61756
-5.6102
-5.60288
-5.59599
-5.59129
-5.58681
-5.58358
-5.58236
-5.58138
-5.5801
-5.57862
-5.57725
-5.57597
-5.57587
-5.57719
-5.5787
-5.58286
-5.58854
-5.59556
-5.60363
-5.61102
-5.61579
-5.6184
-5.61845
-5.6145
-5.60715
-5.59809
-5.58712
-5.57805
-5.57045
-5.56537
-5.56078
-5.5571
-5.55325
-5.55046
-5.54771
-5.54615
-5.54791
-5.55218
-5.55916
-5.56808
-5.57673
-5.58439
-5.59019
-5.59255
-5.59398
-5.59243
-5.58895
-5.58488
-5.57985
-5.57458
-5.57135
-5.56576
-5.56091
-5.55584
-5.55283
-5.5513
-5.55233
-5.55705
-5.56474
-5.57498
-5.58728
-5.60192
-5.61502
-5.62578
-5.63361
-5.63869
-5.63978
-5.63756
-5.63285
-5.62488
-5.61479
-5.60439
-5.59378
-5.58259
-5.57345
-5.56714
-5.56255
-5.55898
-5.55745
-5.55715
-5.55734
-5.55737
-5.55842
-5.55909
-5.5603
-5.56171
-5.56511
-5.56783
-5.57103
-5.57362
-5.57519
-5.5753
-5.57446
-5.57264
-5.56987
-5.5668
-5.56474
-5.56389
-5.56293
-5.56368
-5.56587
-5.5684
-5.57123
-5.57423
-5.57585
-5.57682
-5.57583
-5.57422
-5.57229
-5.56962
-5.56694
-5.56439
-5.56173
-5.55908
-5.5569
-5.55448
-5.55067
-5.5478
-5.54546
-5.5432
-5.5412
-5.53893
-5.5379
-5.53836
-5.53922
-5.5421
-5.54572
-5.54876
-5.55406
-5.5605
-5.56708
-5.57322
-5.57733
-5.58089
-5.58307
-5.5846
-5.58623
-5.5868
-5.58684
-5.5864
-5.58665
-5.58861
-5.59223
-5.59676
-5.60218
-5.60831
-5.61318
-5.61652
-5.61766
-5.61734
-5.61356
-5.60725
-5.59744
-5.5843
-5.56895
-5.55203
-5.53613
-5.5227
-5.51417
-5.51091
-5.51378
-5.52132
-5.52974
-5.53996
-5.54734
-5.55134
-5.55222
-5.55028
-5.54332
-5.53457
-5.52468
-5.51509
-5.50692
-5.50038
-5.49663
-5.49657
-5.49903
-5.50216
-5.50676
-5.51249
-5.5186
-5.5235
-5.52895
-5.53356
-5.53661
-5.53823
-5.5397
-5.54091
-5.54072
-5.54154
-5.54045
-5.53747
-5.53234
-5.5251
-5.51671
-5.50728
-5.49785
-5.48877
-5.48309
-5.48031
-5.48097
-5.48527
-5.49241
-5.50054
-5.50878
-5.51821
-5.52467
-5.52818
-5.52933
-5.52983
-5.52884
-5.52689
-5.52426
-5.52162
-5.52151
-5.52332
-5.52699
-5.53159
-5.53936
-5.54845
-5.55899
-5.57066
-5.58311
-5.59563
-5.60749
-5.61761
-5.62612
-5.63147
-5.63325
-5.63368
-5.63123
-5.62647
-5.62004
-5.61326
-5.60531
-5.59787
-5.59062
-5.58474
-5.57883
-5.57372
-5.56748
-5.56112
-5.55406
-5.54812
-5.54273
-5.53829
-5.53273
-5.52825
-5.52304
-5.51852
-5.5126
-5.50723
-5.50377
-5.50009
-5.49905
-5.50019
-5.50401
-5.50996
-5.51681
-5.52529
-5.53374
-5.54421
-5.55547
-5.56719
-5.58007
-5.59398
-5.60754
-5.6223
-5.63514
-5.64675
-5.65481
-5.65983
-5.66178
-5.66156
-5.65815
-5.65324
-5.64774
-5.64016
-5.6301
-5.61808
-5.60421
-5.58804
-5.57018
-5.54997
-5.52993
-5.51192
-5.49792
-5.48804
-5.48521
-5.4882
-5.49621
-5.50805
-5.5214
-5.53553
-5.54888
-5.55935
-5.56762
-5.57428
-5.57682
-5.5789
-5.57872
-5.57727
-5.57565
-5.57274
-5.57084
-5.57015
-5.56919
-5.56795
-5.5669
-5.56501
-5.56216
-5.55874
-5.55343
-5.54788
-5.54076
-5.53485
-5.52673
-5.51867
-5.51133
-5.5035
-5.49539
-5.48823
-5.48501
-5.48272
-5.48431
-5.48769
-5.49293
-5.499
-5.50726
-5.51526
-5.52326
-5.52962
-5.53858
-5.54692
-5.55483
-5.56216
-5.56842
-5.5735
-5.57683
-5.57823
-5.57789
-5.57477
-5.57059
-5.56391
-5.55522
-5.54483
-5.53216
-5.51854
-5.50382
-5.49018
-5.47783
-5.46697
-5.45925
-5.45343
-5.45141
-5.45139
-5.45483
-5.46083
-5.46937
-5.47934
-5.4896
-5.4998
-5.51007
-5.51825
-5.52618
-5.532
-5.53548
-5.53605
-5.53551
-5.53339
-5.52923
-5.52406
-5.51711
-5.50935
-5.5001
-5.49243
-5.48572
-5.48143
-5.47865
-5.4791
-5.48085
-5.48457
-5.48916
-5.49525
-5.50117
-5.5066
-5.51162
-5.51463
-5.51568
-5.51445
-5.51096
-5.5061
-5.50085
-5.49551
-5.49003
-5.48683
-5.48468
-5.48589
-5.48781
-5.49154
-5.49723
-5.50321
-5.50787
-5.5122
-5.51763
-5.52268
-5.52907
-5.53441
-5.53951
-5.54474
-5.54938
-5.55228
-5.55337
-5.55347
-5.55132
-5.54896
-5.54627
-5.54263
-5.54012
-5.53687
-5.53376
-5.52905
-5.52588
-5.52153
-5.51568
-5.5089
-5.50214
-5.49477
-5.48637
-5.47781
-5.46903
-5.4601
-5.45267
-5.4462
-5.4392
-5.43387
-5.429
-5.42381
-5.41933
-5.41737
-5.41546
-5.41585
-5.41638
-5.41661
-5.41895
-5.42005
-5.42202
-5.42507
-5.42928
-5.43295
-5.43761
-5.44208
-5.44566
-5.45015
-5.45513
-5.46059
-5.46783
-5.47625
-5.48666
-5.4986
-5.51007
-5.52102
-5.52908
-5.5346
-5.53778
-5.53857
-5.53627
-5.53077
-5.52328
-5.51357
-5.50347
-5.49272
-5.48247
-5.4722
-5.46431
-5.45799
-5.454
-5.45208
-5.45221
-5.45343
-5.45489
-5.45823
-5.46215
-5.46659
-5.47096
-5.47529
-5.48074
-5.48565
-5.49176
-5.49747
-5.50366
-5.50889
-5.51315
-5.51523
-5.51515
-5.5129
-5.50893
-5.50265
-5.49637
-5.48898
-5.48141
-5.47524
-5.46955
-5.46533
-5.46339
-5.46183
-5.46032
-5.45786
-5.45558
-5.45273
-5.44912
-5.44383
-5.43949
-5.43481
-5.43027
-5.4268
-5.42465
-5.42389
-5.42467
-5.42644
-5.4297
-5.43383
-5.43881
-5.44482
-5.45202
-5.46029
-5.46801
-5.47592
-5.48346
-5.48946
-5.49494
-5.50112
-5.50519
-5.50937
-5.5148
-5.52123
-5.52819
-5.5355
-5.54277
-5.54967
-5.55449
-5.55744
-5.55805
-5.55711
-5.55417
-5.55223
-5.55017
-5.54927
-5.54913
-5.55178
-5.55526
-5.56104
-5.56778
-5.57515
-5.58302
-5.58824
-5.59397
-5.59886
-5.60241
-5.60437
-5.60404
-5.6011
-5.59407
-5.58538
-5.57498
-5.56301
-5.55136
-5.54094
-5.53294
-5.5276
-5.52505
-5.52423
-5.52557
-5.52826
-5.53101
-5.53508
-5.53788
-5.54112
-5.54441
-5.54558
-5.54639
-5.54564
-5.54418
-5.5434
-5.54429
-5.54506
-5.54824
-5.55107
-5.5547
-5.55944
-5.56315
-5.56643
-5.56883
-5.57204
-5.57523
-5.57956
-5.58351
-5.58967
-5.59534
-5.60093
-5.60624
-5.61044
-5.61248
-5.61287
-5.61114
-5.60676
-5.59859
-5.58898
-5.57779
-5.56548
-5.5532
-5.54334
-5.53596
-5.53192
-5.53013
-5.53008
-5.5307
-5.53228
-5.53378
-5.53509
-5.53728
-5.53887
-5.54121
-5.54468
-5.54866
-5.55341
-5.55892
-5.56522
-5.57138
-5.576
-5.57848
-5.5764
-5.57055
-5.56206
-5.5508
-5.53979
-5.52965
-5.52316
-5.51984
-5.52048
-5.52362
-5.52807
-5.53414
-5.54089
-5.55012
-5.55856
-5.56993
-5.58003
-5.58843
-5.59485
-5.59889
-5.60021
-5.59822
-5.59378
-5.58811
-5.58073
-5.57221
-5.56309
-5.55179
-5.5403
-5.52822
-5.51531
-5.50396
-5.49586
-5.49203
-5.4938
-5.49969
-5.50968
-5.52285
-5.53751
-5.5512
-5.56428
-5.5754
-5.58275
-5.58733
-5.58876
-5.58732
-5.58415
-5.57855
-5.57321
-5.56747
-5.5615
-5.55585
-5.55067
-5.54584
-5.54215
-5.53918
-5.53677
-5.53648
-5.53828
-5.54186
-5.54651
-5.55193
-5.55726
-5.56347
-5.56801
-5.57376
-5.57961
-5.58593
-5.59144
-5.59674
-5.60042
-5.60261
-5.60362
-5.60179
-5.59871
-5.59363
-5.58512
-5.57533
-5.56289
-5.54839
-5.53319
-5.51605
-5.4995
-5.48382
-5.47264
-5.46499
-5.46216
-5.46747
-5.47626
-5.48902
-5.50342
-5.51814
-5.53129
-5.54201
-5.54931
-5.55365
-5.55689
-5.55976
-5.56159
-5.56296
-5.56331
-5.56335
-5.56232
-5.55824
-5.55271
-5.54568
-5.53758
-5.52743
-5.51801
-5.50834
-5.49837
-5.49144
-5.48731
-5.48676
-5.49094
-5.49957
-5.5105
-5.52256
-5.53372
-5.54234
-5.54816
-5.5502
-5.54886
-5.54557
-5.54055
-5.53598
-5.53254
-5.52936
-5.52809
-5.52754
-5.52935
-5.53357
-5.53988
-5.54718
-5.55611
-5.5643
-5.57351
-5.58084
-5.58623
-5.58854
-5.58984
-5.58801
-5.58528
-5.58183
-5.57836
-5.57517
-5.57287
-5.57263
-5.57315
-5.57225
-5.5715
-5.56873
-5.56654
-5.56509
-5.56795
-5.57246
-5.57949
-5.58723
-5.59511
-5.59933
-5.60115
-5.60124
-5.59821
-5.59341
-5.58656
-5.57964
-5.57152
-5.56331
-5.55495
-5.54551
-5.53621
-5.52659
-5.51664
-5.50606
-5.49543
-5.48537
-5.47577
-5.46768
-5.46172
-5.45885
-5.45842
-5.46172
-5.4692
-5.47924
-5.49158
-5.5055
-5.51756
-5.52954
-5.54069
-5.55
-5.55696
-5.56089
-5.56216
-5.56017
-5.55552
-5.54963
-5.5412
-5.53133
-5.52288
-5.51546
-5.50965
-5.50689
-5.5062
-5.50759
-5.51017
-5.51454
-5.52018
-5.5264
-5.53355
-5.54112
-5.54795
-5.55205
-5.55472
-5.55506
-5.55207
-5.54765
-5.54133
-5.53351
-5.5241
-5.51416
-5.50391
