1.8
1.80001
1.80003
1.80005
1.80008
1.80011
1.80015
1.8002
1.80026
1.80032
1.80039
1.80046
1.80055
1.80064
1.80073
1.80084
1.80095
1.80107
1.8012
1.80134
1.80149
1.80164
1.8018
1.80198
1.80216
1.80235
1.80255
1.80276
1.80299
1.80322
1.80346
1.80372
1.80398
1.80426
1.80455
1.80485
1.80517
1.8055
1.80584
1.8062
1.80657
1.80696
1.80737
1.80779
1.80823
1.80868
1.80916
1.80965
1.81017
1.8107
1.81126
1.81184
1.81244
1.81307
1.81373
1.81441
1.81512
1.81585
1.81662
1.81742
1.81825
1.81911
1.82002
1.82095
1.82193
1.82295
1.824
1.82511
1.82625
1.82745
1.82869
1.82998
1.83133
1.83273
1.83419
1.83571
1.83729
1.83894
1.84065
1.84243
1.84429
1.84622
1.84822
1.85031
1.85248
1.85474
1.85708
1.85951
1.86204
1.86466
1.86737
1.87019
1.8731
1.87611
1.87921
1.8824
1.88567
1.88902
1.89243
1.89589
1.89938
1.90286
1.90632
1.90971
1.91299
1.91613
1.91907
1.92177
1.92421
1.92637
1.92824
1.92983
1.93114
1.93214
1.9328
1.933
1.93258
1.93134
1.92911
1.92578
1.92145
1.91646
1.91146
1.90732
1.90502
1.90532
1.9085
1.91433
1.92209
1.9308
1.93946
1.94722
1.95359
1.95844
1.96202
1.96471
1.96677
1.96818
1.96863
1.96773
1.96526
1.96136
1.95653
1.95153
1.94716
1.9441
1.94277
1.94337
1.94593
1.95032
1.95629
1.96349
1.9715
1.97992
1.98839
1.9966
2.00425
2.01106
2.01681
2.02133
2.02453
2.02639
2.02695
2.0263
2.02458
2.02197
2.01869
2.01497
2.01105
2.00717
2.00348
2.00013
1.99725
1.99505
1.9938
1.99382
1.99534
1.99836
2.00257
2.00744
2.01234
2.01672
2.02021
2.02264
2.02398
2.02436
2.02393
2.02292
2.02157
2.02013
2.01883
2.01789
2.01749
2.01773
2.01866
2.02026
2.02243
2.02503
2.02787
2.03079
2.0336
2.03618
2.03843
2.04028
2.04168
2.04264
2.04315
2.04322
2.04283
2.04199
2.04065
2.03877
2.03629
2.03322
2.0296
2.02561
2.02156
2.01786
2.01499
2.01336
2.01317
2.0144
2.01673
2.01967
2.02264
2.02509
2.02655
2.02677
2.02577
2.02397
2.02216
2.02131
2.02225
2.0253
2.03011
2.03582
2.04141
2.04603
2.04916
2.05059
2.05038
2.04881
2.0464
2.04386
2.04197
2.04136
2.04233
2.04465
2.04769
2.05062
2.05268
2.05337
2.05251
2.0503
2.04722
2.04398
2.04128
2.03967
2.03939
2.04035
2.04231
2.04494
2.04798
2.05121
2.05444
2.05749
2.06022
2.06254
2.0644
2.06584
2.06695
2.06784
2.0686
2.06931
2.06996
2.07047
2.07072
2.07051
2.06966
2.06801
2.06549
2.06216
2.0582
2.05396
2.04994
2.04666
2.04464
2.04423
2.0455
2.04827
2.05214
2.05662
2.06126
2.06572
2.0698
2.07341
2.07655
2.07926
2.08162
2.08369
2.08554
2.08723
2.08882
2.09036
2.09187
2.09337
2.09484
2.09624
2.0975
2.09849
2.09906
2.099
2.09812
2.09623
2.09321
2.0891
2.08416
2.0789
2.074
2.07016
2.06796
2.06774
2.06962
2.07353
2.07914
2.0859
2.093
2.09957
2.10481
2.10814
2.10918
2.10774
2.10378
2.09735
2.0887
2.07827
2.06675
2.05507
2.0443
2.03547
2.02955
2.02721
2.02873
2.03381
2.04159
2.0509
2.06063
2.0699
2.0782
2.08525
2.09094
2.09531
2.09844
2.10043
2.10142
2.10156
2.10099
2.09985
2.09831
2.09652
2.09463
2.09283
2.09126
2.09005
2.08929
2.08903
2.08924
2.08988
2.09084
2.09204
2.09337
2.09477
2.09618
2.09757
2.09891
2.10021
2.10147
2.1027
2.10389
2.10505
2.10618
2.10726
2.10828
2.10919
2.10995
2.11047
2.11065
2.11034
2.10932
2.10731
2.10392
2.09872
2.09123
2.08114
2.06866
2.05495
2.04241
2.0342
2.03265
2.03777
2.04723
2.05789
2.06734
2.07432
2.07855
2.08021
2.07965
2.07733
2.07377
2.06967
2.06584
2.06314
2.06227
2.06356
2.06682
2.07149
2.07682
2.08209
2.08675
2.09049
2.09315
2.09474
2.09529
2.09487
2.09352
2.09121
2.08783
2.08319
2.07701
2.06908
2.05939
2.04842
2.03733
2.02803
2.02267
2.02285
2.02865
2.03859
2.0503
2.06156
2.07091
2.0777
2.08187
2.08365
2.0834
2.08151
2.07835
2.07434
2.06995
2.06574
2.0623
2.06017
2.05966
2.06076
2.06314
2.0663
2.0697
2.07289
2.0756
2.07768
2.07909
2.07985
2.07997
2.07946
2.0783
2.07644
2.07383
2.07037
2.06601
2.06071
2.05455
2.04772
2.04061
2.03382
2.02797
2.02361
2.02097
2.01987
2.01981
2.02014
2.02031
2.01998
2.01907
2.01771
2.01618
2.01476
2.01371
2.01314
2.01305
2.01341
2.01417
2.01543
2.01734
2.02008
2.02375
2.0282
2.03313
2.03809
2.04261
2.04634
2.04903
2.05057
2.05093
2.05017
2.04838
2.04568
2.04223
2.03827
2.0341
2.03007
2.02655
2.02387
2.02224
2.02167
2.02203
2.02303
2.02436
2.02573
2.02692
2.02781
2.02834
2.02849
2.02831
2.02782
2.0271
2.02618
2.02512
2.02396
2.02272
2.02143
2.02011
2.01877
2.01743
2.01611
2.01487
2.01377
2.0129
2.01235
2.01217
2.01239
2.01297
2.0138
2.01476
2.01572
2.01656
2.01723
2.01776
2.01821
2.01866
2.01921
2.01987
2.0206
2.02129
2.02177
2.02185
2.02135
2.02015
2.01823
2.01569
2.01272
2.00965
2.00687
2.00472
2.00344
2.00312
2.00365
2.00481
2.00637
2.00819
2.0102
2.01246
2.01507
2.01811
2.02157
2.02538
2.02934
2.03324
2.03686
2.04004
2.04269
2.0448
2.04644
2.04771
2.04873
2.0496
2.05042
2.05121
2.05195
2.0526
2.05306
2.05324
2.05304
2.05234
2.05101
2.04883
2.04547
2.04047
2.03326
2.02349
2.01158
1.99937
1.99027
1.98793
1.99377
2.00584
2.0202
2.03331
2.04327
2.04958
2.05255
2.0528
2.05105
2.04805
2.04456
2.04128
2.03865
2.0368
2.03551
2.03439
2.03315
2.0318
2.03079
2.03075
2.03225
2.03548
2.0402
2.04587
2.05186
2.05768
2.06298
2.06762
2.07155
2.07484
2.0776
2.07992
2.08191
2.08367
2.08523
2.08666
2.08795
2.08913
2.09018
2.09111
2.09189
2.09252
2.09299
2.0933
2.09343
2.0934
2.09319
2.09284
2.09235
2.09175
2.09106
2.0903
2.08947
2.08854
2.08743
2.08603
2.08418
2.08168
2.07832
2.07387
2.06814
2.06105
2.05279
2.04401
2.03607
2.03093
2.03058
2.03602
2.04654
2.06003
2.07403
2.08667
2.09697
2.10468
2.10999
2.11323
2.11476
2.11487
2.1138
2.11175
2.10884
2.10523
2.10103
2.09644
2.09167
2.087
2.08272
2.0791
2.07629
2.07424
2.07271
2.0713
2.06967
2.0677
2.06577
2.06472
2.06563
2.06931
2.0758
2.08434
2.09371
2.10277
2.11072
2.1172
2.12215
2.12568
2.12796
2.12913
2.12931
2.12856
2.12689
2.12429
2.12074
2.11619
2.11067
2.10427
2.0972
2.08985
2.0828
2.07675
2.0724
2.07025
2.07045
2.07275
2.07665
2.08155
2.08692
2.09241
2.09775
2.10278
2.10727
2.11097
2.11351
2.11445
2.11331
2.1097
2.10358
2.09566
2.08766
2.08215
2.08145
2.08632
2.09546
2.10641
2.11693
2.12571
2.13239
2.13716
2.14042
2.1426
2.14404
2.14501
2.14565
2.1461
2.1464
2.14661
2.14676
2.14689
2.14705
2.14729
2.14768
2.14829
2.14918
2.15036
2.15181
2.15344
2.15503
2.15622
2.15648
2.15506
2.15107
2.1437
2.13279
2.11976
2.10821
2.10298
2.10705
2.11907
2.13447
2.14866
2.1591
2.16511
2.16693
2.16496
2.15927
2.14951
2.13511
2.11611
2.0947
2.07639
2.06836
2.07425
2.09073
2.11063
2.12841
2.14194
2.15149
2.15816
2.16303
2.16694
2.17046
2.17394
2.17753
2.18125
2.18499
2.18856
2.1917
2.19413
2.19561
2.19587
2.19472
2.19201
2.18774
2.18205
2.17537
2.16837
2.16193
2.15695
2.1541
2.15369
2.15554
2.15915
2.16375
2.16849
2.17249
2.17488
2.17486
2.17173
2.16509
2.15521
2.14356
2.13301
2.12707
2.12796
2.13514
2.14577
2.15663
2.16562
2.17202
2.176
2.17811
2.17899
2.17911
2.17884
2.17831
2.17753
2.17637
2.17463
2.17217
2.16895
2.16518
2.16125
2.15765
2.15478
2.15275
2.15136
2.15016
2.14871
2.14679
2.1445
2.14233
2.14092
2.14081
2.14217
2.14464
2.1475
2.14994
2.15139
2.15156
2.1505
2.14846
2.14584
2.14307
2.14055
2.13857
2.13728
2.13664
2.1364
2.13622
2.13565
2.13429
2.13183
2.12815
2.12334
2.11774
2.11192
2.10658
2.10244
2.10007
2.09975
2.1014
2.10451
2.10827
2.11177
2.11425
2.11524
2.11465
2.11265
2.10964
2.10614
2.10265
2.09964
2.09747
2.09638
2.09647
2.0977
2.09984
2.10253
2.10537
2.10799
2.11016
2.11181
2.11295
2.11367
2.11411
2.11439
2.11461
2.11482
2.11506
2.11533
2.11563
2.11592
2.11619
2.11643
2.1166
2.11672
2.11676
2.11672
2.1166
2.1164
2.11609
2.11568
2.11514
2.11445
2.11358
2.11251
2.1112
2.10964
2.10782
2.10579
2.1036
2.1014
2.09936
2.09769
2.09658
2.09615
2.09639
2.0972
2.09835
2.0996
2.10076
2.10166
2.10229
2.10267
2.1029
2.10312
2.10343
2.10394
2.10468
2.10567
2.10686
2.10819
2.10957
2.1109
2.11207
2.11298
2.11351
2.11359
2.11313
2.11208
2.11041
2.10813
2.10526
2.10187
2.09805
2.09397
2.08982
2.08595
2.08282
2.08097
2.08093
2.08294
2.08684
2.09208
2.09786
2.10329
2.10755
2.10988
2.10957
2.10592
2.09828
2.08631
2.07052
2.05287
2.03686
2.0262
2.0227
1.8
1.80001
1.80003
1.80005
1.80008
1.80011
1.80015
1.8002
1.80026
1.80032
1.80039
1.80046
1.80055
1.80064
1.80073
1.80084
1.80095
1.80107
1.8012
1.80134
1.80149
1.80164
1.8018
1.80198
1.80216
1.80235
1.80255
1.80276
1.80299
1.80322
1.80346
1.80372
1.80398
1.80426
1.80455
1.80485
1.80517
1.8055
1.80584
1.8062
1.80657
1.80696
1.80737
1.80779
1.80823
1.80868
1.80916
1.80965
1.81017
1.8107
1.81126
1.81184
1.81244
1.81307
1.81373
1.81441
1.81512
1.81585
1.81662
1.81742
1.81825
1.81911
1.82002
1.82095
1.82193
1.82295
1.824
1.82511
1.82625
1.82745
1.82869
1.82998
1.83133
1.83273
1.83419
1.83571
1.83729
1.83894
1.84065
1.84243
1.84429
1.84622
1.84822
1.85031
1.85248
1.85474
1.85708
1.85951
1.86204
1.86466
1.86737
1.87019
1.8731
1.87611
1.87921
1.8824
1.88567
1.88902
1.89243
1.89589
1.89938
1.90286
1.90632
1.90971
1.91299
1.91613
1.91907
1.92177
1.92421
1.92637
1.92824
1.92983
1.93114
1.93214
1.9328
1.933
1.93258
1.93134
1.92911
1.92578
1.92145
1.91646
1.91146
1.90732
1.90502
1.90532
1.9085
1.91433
1.92209
1.9308
1.93946
1.94722
1.95359
1.95844
1.96202
1.96471
1.96677
1.96818
1.96863
1.96773
1.96526
1.96136
1.95653
1.95153
1.94716
1.9441
1.94277
1.94337
1.94593
1.95032
1.95629
1.96349
1.9715
1.97992
1.98839
1.9966
2.00425
2.01106
2.01681
2.02133
2.02453
2.02639
2.02695
2.0263
2.02458
2.02197
2.01869
2.01497
2.01105
2.00717
2.00348
2.00013
1.99725
1.99505
1.9938
1.99382
1.99534
1.99836
2.00257
2.00744
2.01234
2.01672
2.02021
2.02264
2.02398
2.02436
2.02393
2.02292
2.02157
2.02013
2.01883
2.01789
2.01749
2.01773
2.01866
2.02026
2.02243
2.02503
2.02787
2.03079
2.0336
2.03618
2.03843
2.04028
2.04168
2.04264
2.04315
2.04322
2.04283
2.04199
2.04065
2.03877
2.03629
2.03322
2.0296
2.02561
2.02156
2.01786
2.01499
2.01336
2.01317
2.0144
2.01673
2.01967
2.02264
2.02509
2.02655
2.02677
2.02577
2.02397
2.02216
2.02131
2.02225
2.0253
2.03011
2.03582
2.04141
2.04603
2.04916
2.05059
2.05038
2.04881
2.0464
2.04386
2.04197
2.04136
2.04233
2.04465
2.04769
2.05062
2.05268
2.05337
2.05251
2.0503
2.04722
2.04398
2.04128
2.03967
2.03939
2.04035
2.04231
2.04494
2.04798
2.05121
2.05444
2.05749
2.06022
2.06254
2.0644
2.06584
2.06695
2.06784
2.0686
2.06931
2.06996
2.07047
2.07072
2.07051
2.06966
2.06801
2.06549
2.06216
2.0582
2.05396
2.04994
2.04666
2.04464
2.04423
2.0455
2.04827
2.05214
2.05662
2.06126
2.06572
2.0698
2.07341
2.07655
2.07926
2.08162
2.08369
2.08554
2.08723
2.08882
2.09036
2.09187
2.09337
2.09484
2.09624
2.0975
2.09849
2.09906
2.099
2.09812
2.09623
2.09321
2.0891
2.08416
2.0789
2.074
2.07016
2.06796
2.06774
2.06962
2.07353
2.07914
2.0859
2.093
2.09957
2.10481
2.10814
2.10918
2.10774
2.10378
2.09735
2.0887
2.07827
2.06675
2.05507
2.0443
2.03547
2.02955
2.02721
2.02873
2.03381
2.04159
2.0509
2.06063
2.0699
2.0782
2.08525
2.09094
2.09531
2.09844
2.10043
2.10142
2.10156
2.10099
2.09985
2.09831
2.09652
2.09463
2.09283
2.09126
2.09005
2.08929
2.08903
2.08924
2.08988
2.09084
2.09204
2.09337
2.09477
2.09618
2.09757
2.09891
2.10021
2.10147
2.1027
2.10389
2.10505
2.10618
2.10726
2.10828
2.10919
2.10995
2.11047
2.11065
2.11034
2.10932
2.10731
2.10392
2.09872
2.09123
2.08114
2.06866
2.05495
2.04241
2.0342
2.03265
2.03777
2.04723
2.05789
2.06734
2.07432
2.07855
2.08021
2.07965
2.07733
2.07377
2.06967
2.06584
2.06314
2.06227
2.06356
2.06682
2.07149
2.07682
2.08209
2.08675
2.09049
2.09315
2.09474
2.09529
2.09487
2.09352
2.09121
2.08783
2.08319
2.07701
2.06908
2.05939
2.04842
2.03733
2.02803
2.02267
2.02285
2.02865
2.03859
2.0503
2.06156
2.07091
2.0777
2.08187
2.08365
2.0834
2.08151
2.07835
2.07434
2.06995
2.06574
2.0623
2.06017
2.05966
2.06076
2.06314
2.0663
2.0697
2.07289
2.0756
2.07768
2.07909
2.07985
2.07997
2.07946
2.0783
2.07644
2.07383
2.07037
2.06601
2.06071
2.05455
2.04772
2.04061
2.03382
2.02797
2.02361
2.02097
2.01987
2.01981
2.02014
2.02031
2.01998
2.01907
2.01771
2.01618
2.01476
2.01371
2.01314
2.01305
2.01341
2.01417
2.01543
2.01734
2.02008
2.02375
2.0282
2.03313
2.03809
2.04261
2.04634
2.04903
2.05057
2.05093
2.05017
2.04838
2.04568
2.04223
2.03827
2.0341
2.03007
2.02655
2.02387
2.02224
2.02167
2.02203
2.02303
2.02436
2.02573
2.02692
2.02781
2.02834
2.02849
2.02831
2.02782
2.0271
2.02618
2.02512
2.02396
2.02272
2.02143
2.02011
2.01877
2.01743
2.01611
2.01487
2.01377
2.0129
2.01235
2.01217
2.01239
2.01297
2.0138
2.01476
2.01572
2.01656
2.01723
2.01776
2.01821
2.01866
2.01921
2.01987
2.0206
2.02129
2.02177
2.02185
2.02135
2.02015
2.01823
2.01569
2.01272
2.00965
2.00687
2.00472
2.00344
2.00312
2.00365
2.00481
2.00637
2.00819
2.0102
2.01246
2.01507
2.01811
2.02157
2.02538
2.02934
2.03324
2.03686
2.04004
2.04269
2.0448
2.04644
2.04771
2.04873
2.0496
2.05042
2.05121
2.05195
2.0526
2.05306
2.05324
2.05304
2.05234
2.05101
2.04883
2.04547
2.04047
2.03326
2.02349
2.01158
1.99937
1.99027
1.98793
1.99377
2.00584
2.0202
2.03331
2.04327
2.04958
2.05255
2.0528
2.05105
2.04805
2.04456
2.04128
2.03865
2.0368
2.03551
2.03439
2.03315
2.0318
2.03079
2.03075
2.03225
2.03548
2.0402
2.04587
2.05186
2.05768
2.06298
2.06762
2.07155
2.07484
2.0776
2.07992
2.08191
2.08367
2.08523
2.08666
2.08795
2.08913
2.09018
2.09111
2.09189
2.09252
2.09299
2.0933
2.09343
2.0934
2.09319
2.09284
2.09235
2.09175
2.09106
2.0903
2.08947
2.08854
2.08743
2.08603
2.08418
2.08168
2.07832
2.07387
2.06814
2.06105
2.05279
2.04401
2.03607
2.03093
2.03058
2.03602
2.04654
2.06003
2.07403
2.08667
2.09697
2.10468
2.10999
2.11323
2.11476
2.11487
2.1138
2.11175
2.10884
2.10523
2.10103
2.09644
2.09167
2.087
2.08272
2.0791
2.07629
2.07424
2.07271
2.0713
2.06967
2.0677
2.06577
2.06472
2.06563
2.06931
2.0758
2.08434
2.09371
2.10277
2.11072
2.1172
2.12215
2.12568
2.12796
2.12913
2.12931
2.12856
2.12689
2.12429
2.12074
2.11619
2.11067
2.10427
2.0972
2.08985
2.0828
2.07675
2.0724
2.07025
2.07045
2.07275
2.07665
2.08155
2.08692
2.09241
2.09775
2.10278
2.10727
2.11097
2.11351
2.11445
2.11331
2.1097
2.10358
2.09566
2.08766
2.08215
2.08145
2.08632
2.09546
2.10641
2.11693
2.12571
2.13239
2.13716
2.14042
2.1426
2.14404
2.14501
2.14565
2.1461
2.1464
2.14661
2.14676
2.14689
2.14705
2.14729
2.14768
2.14829
2.14918
2.15036
2.15181
2.15344
2.15503
2.15622
2.15648
2.15506
2.15107
2.1437
2.13279
2.11976
2.10821
2.10298
2.10705
2.11907
2.13447
2.14866
2.1591
2.16511
2.16693
2.16496
2.15927
2.14951
2.13511
2.11611
2.0947
2.07639
2.06836
2.07425
2.09073
2.11063
2.12841
2.14194
2.15149
2.15816
2.16303
2.16694
2.17046
2.17394
2.17753
2.18125
2.18499
2.18856
2.1917
2.19413
2.19561
2.19587
2.19472
2.19201
2.18774
2.18205
2.17537
2.16837
2.16193
2.15695
2.1541
2.15369
2.15554
2.15915
2.16375
2.16849
2.17249
2.17488
2.17486
2.17173
2.16509
2.15521
2.14356
2.13301
2.12707
2.12796
2.13514
2.14577
2.15663
2.16562
2.17202
2.176
2.17811
2.17899
2.17911
2.17884
2.17831
2.17753
2.17637
2.17463
2.17217
2.16895
2.16518
2.16125
2.15765
2.15478
2.15275
2.15136
2.15016
2.14871
2.14679
2.1445
2.14233
2.14092
2.14081
2.14217
2.14464
2.1475
2.14994
2.15139
2.15156
2.1505
2.14846
2.14584
2.14307
2.14055
2.13857
2.13728
2.13664
2.1364
2.13622
2.13565
2.13429
2.13183
2.12815
2.12334
2.11774
2.11192
2.10658
2.10244
2.10007
2.09975
2.1014
2.10451
2.10827
2.11177
2.11425
2.11524
2.11465
2.11265
2.10964
2.10614
2.10265
2.09964
2.09747
2.09638
2.09647
2.0977
2.09984
2.10253
2.10537
2.10799
2.11016
2.11181
2.11295
2.11367
2.11411
2.11439
2.11461
2.11482
2.11506
2.11533
2.11563
2.11592
2.11619
2.11643
2.1166
2.11672
2.11676
2.11672
2.1166
2.1164
2.11609
2.11568
2.11514
2.11445
2.11358
2.11251
2.1112
2.10964
2.10782
2.10579
2.1036
2.1014
2.09936
2.09769
2.09658
2.09615
2.09639
2.0972
2.09835
2.0996
2.10076
2.10166
2.10229
2.10267
2.1029
2.10312
2.10343
2.10394
2.10468
2.10567
2.10686
2.10819
2.10957
2.1109
2.11207
2.11298
2.11351
2.11359
2.11313
2.11208
2.11041
2.10813
2.10526
2.10187
2.09805
2.09397
2.08982
2.08595
2.08282
2.08097
2.08093
2.08294
2.08684
2.09208
2.09786
2.10329
2.10755
2.10988
2.10957
2.10592
2.09828
2.08631
2.07052
2.05287
2.03686
2.0262
2.0227
1.6487
1.64411
1.63592
1.62361
1.60652
1.58379
1.55435
1.51701
1.47064
1.41428
1.34747
1.27071
1.18587
1.09638
1.00714
0.92384
0.851855
0.795198
0.755923
0.734007
0.727766
0.734421
0.750696
0.773268
0.799137
0.825814
0.851374
0.874487
0.894375
0.910721
0.923508
0.932914
0.939111
0.942183
0.942108
0.938849
0.932474
0.923259
0.911787
0.898948
0.885823
0.873611
0.86357
0.856845
0.854294
0.856211
0.862147
0.870995
0.881315
0.891695
0.900962
0.908293
0.913168
0.915383
0.915029
0.912527
0.908568
0.90405
0.89991
0.896933
0.89564
0.89618
0.89836
0.901745
0.905792
0.909952
0.913743
0.916768
0.918707
0.919301
0.918328
0.915631
0.911125
0.904876
0.897208
0.888729
0.880332
0.872945
0.86723
0.863365
0.861004
0.859541
0.858431
0.857317
0.855975
0.854185
0.851652
0.848125
0.843626
0.838559
0.833653
0.829767
0.827644
0.827727
0.830085
0.834435
0.840242
0.846855
0.853569
0.85969
0.864581
0.86765
0.868452
0.866757
0.862667
0.856625
0.849374
0.841807
0.834812
0.829082
0.825027
0.822749
0.822137
0.822992
0.82509
0.828245
0.8323
0.837101
0.842428
0.847876
0.85283
0.856534
0.858328
0.85799
0.856006
0.853569
0.852355
0.853957
0.859344
0.868532
0.880566
0.893877
0.906715
0.917622
0.92571
0.930758
0.933117
0.933524
0.932828
0.931788
0.930876
0.930203
0.92957
0.928622
0.926931
0.92411
0.919939
0.914447
0.907923
0.900921
0.894118
0.888236
0.883758
0.88083
0.879202
0.878333
0.877659
0.876812
0.875751
0.874749
0.874266
0.874848
0.87694
0.880779
0.886301
0.893082
0.90039
0.907274
0.912703
0.915739
0.915678
0.91221
0.905597
0.896692
0.886809
0.877324
0.869257
0.862949
0.858094
0.85406
0.850345
0.846899
0.844194
0.843034
0.844222
0.848216
0.854817
0.863177
0.872004
0.879966
0.886001
0.889523
0.890451
0.889102
0.886055
0.881915
0.877219
0.872272
0.867226
0.862229
0.857486
0.853384
0.850511
0.849518
0.851022
0.855442
0.862844
0.872863
0.884728
0.897387
0.909679
0.920487
0.928904
0.934306
0.93634
0.934917
0.930216
0.922653
0.912884
0.901808
0.890421
0.879716
0.87054
0.863406
0.858452
0.855462
0.853966
0.853441
0.853448
0.853756
0.854322
0.855247
0.856703
0.858804
0.861539
0.864693
0.867904
0.870714
0.872687
0.873524
0.87311
0.871543
0.869135
0.866377
0.863813
0.861957
0.861185
0.861658
0.863288
0.86576
0.868587
0.871186
0.873051
0.873836
0.873418
0.871908
0.869588
0.866794
0.863819
0.860816
0.857846
0.854896
0.851962
0.849077
0.846308
0.843719
0.841354
0.839221
0.837347
0.835791
0.834707
0.834323
0.834918
0.836758
0.839946
0.844388
0.84977
0.855585
0.861295
0.866454
0.870802
0.87429
0.876995
0.879045
0.880569
0.881634
0.882305
0.882779
0.883432
0.884837
0.887545
0.89178
0.897259
0.903241
0.908808
0.913077
0.915346
0.915149
0.912114
0.905978
0.896634
0.884232
0.869373
0.853251
0.837636
0.824593
0.815998
0.812922
0.815297
0.821908
0.830819
0.839925
0.847395
0.85189
0.852703
0.849757
0.843536
0.834963
0.825262
0.815738
0.807536
0.801505
0.798085
0.797324
0.798954
0.802527
0.807475
0.813165
0.81899
0.824406
0.82904
0.8327
0.835382
0.837229
0.838449
0.839238
0.839697
0.839669
0.838713
0.836214
0.831622
0.82475
0.815912
0.805934
0.795977
0.787314
0.781043
0.77792
0.778236
0.781793
0.787961
0.795828
0.804356
0.812512
0.819442
0.824517
0.827407
0.828107
0.826964
0.824644
0.821991
0.819865
0.818989
0.819855
0.822719
0.827706
0.834814
0.843872
0.854577
0.866458
0.878892
0.891169
0.902555
0.912404
0.920224
0.925679
0.928613
0.928994
0.926927
0.922674
0.916682
0.909531
0.901893
0.894416
0.887542
0.881432
0.875935
0.870673
0.865229
0.859359
0.853092
0.84669
0.8405
0.834801
0.829643
0.824845
0.820099
0.815151
0.809994
0.804896
0.800432
0.797325
0.796214
0.797426
0.800885
0.806216
0.812953
0.820739
0.829405
0.839013
0.849709
0.861605
0.874674
0.888667
0.903128
0.917346
0.930489
0.941734
0.950383
0.956012
0.958564
0.958301
0.955699
0.951252
0.945294
0.93787
0.928756
0.917571
0.903954
0.887736
0.869167
0.849051
0.828774
0.810189
0.795267
0.78569
0.78238
0.785248
0.793271
0.804852
0.818261
0.831976
0.844855
0.856118
0.865229
0.871844
0.875853
0.877406
0.876936
0.875128
0.87277
0.870565
0.868906
0.867865
0.867189
0.866439
0.865159
0.863053
0.859995
0.856056
0.851413
0.846211
0.840502
0.83421
0.827223
0.819528
0.811315
0.803004
0.795248
0.788819
0.78446
0.782655
0.783528
0.786839
0.79207
0.798643
0.806077
0.814042
0.822318
0.830784
0.839298
0.847666
0.855627
0.862891
0.869127
0.87405
0.877396
0.878978
0.87868
0.876373
0.871953
0.865347
0.856561
0.845756
0.83324
0.819549
0.805423
0.791702
0.77919
0.768564
0.760293
0.754654
0.751755
0.751611
0.754182
0.759327
0.766755
0.77598
0.78632
0.796988
0.807192
0.816267
0.823769
0.829474
0.833293
0.83525
0.83535
0.833571
0.829903
0.824448
0.817474
0.809474
0.801124
0.793218
0.786509
0.781568
0.778716
0.778043
0.779453
0.782694
0.787455
0.793319
0.799684
0.805789
0.810808
0.814026
0.815005
0.81369
0.810379
0.80562
0.80011
0.794583
0.789751
0.786239
0.784497
0.784752
0.786946
0.790699
0.79542
0.800489
0.805472
0.810266
0.815072
0.820222
0.825949
0.832164
0.838495
0.844398
0.849319
0.852825
0.85469
0.854939
0.853814
0.85168
0.848893
0.845728
0.842338
0.838797
0.8351
0.831171
0.826848
0.821956
0.816337
0.809935
0.802795
0.79502
0.78681
0.778403
0.770056
0.761993
0.754369
0.747238
0.740636
0.734641
0.729383
0.72501
0.721627
0.719269
0.717876
0.717291
0.717311
0.7178
0.718736
0.720226
0.722419
0.725392
0.729087
0.73332
0.737812
0.742303
0.74665
0.750968
0.755597
0.761087
0.768007
0.776702
0.787106
0.798681
0.810485
0.821425
0.830479
0.836895
0.840245
0.840435
0.837659
0.832248
0.824646
0.815377
0.805042
0.794297
0.783832
0.774339
0.766412
0.760489
0.756736
0.755065
0.755191
0.756738
0.759325
0.762614
0.766347
0.770316
0.774386
0.778546
0.782908
0.787629
0.79279
0.79832
0.80392
0.80908
0.813179
0.815607
0.81591
0.813887
0.809663
0.80368
0.796567
0.789029
0.781713
0.775142
0.769634
0.765299
0.762054
0.75967
0.757825
0.75613
0.754198
0.751715
0.748481
0.744474
0.739874
0.735044
0.730449
0.726578
0.72385
0.72249
0.722534
0.723874
0.72642
0.730125
0.734994
0.741036
0.748142
0.756048
0.764362
0.772604
0.780359
0.787347
0.79351
0.798992
0.80413
0.809339
0.815006
0.821368
0.828416
0.83586
0.843186
0.84974
0.854887
0.858179
0.859448
0.858822
0.856751
0.853934
0.851217
0.849426
0.849247
0.851085
0.854977
0.860611
0.86742
0.874768
0.882067
0.888864
0.894846
0.89971
0.903121
0.904688
0.903997
0.900727
0.894719
0.886121
0.875432
0.863523
0.851517
0.840625
0.831903
0.825973
0.822859
0.822134
0.823181
0.825464
0.828597
0.832326
0.836327
0.840082
0.843025
0.844769
0.845246
0.844728
0.843735
0.842906
0.842787
0.843744
0.845899
0.849101
0.852987
0.857116
0.861154
0.864913
0.868395
0.871751
0.875225
0.87905
0.883399
0.888303
0.893643
0.899087
0.904168
0.908332
0.911005
0.911628
0.909719
0.905018
0.897566
0.887704
0.876179
0.864025
0.852385
0.842317
0.834538
0.829337
0.826569
0.825752
0.826267
0.827502
0.828994
0.830467
0.831899
0.833459
0.835441
0.838208
0.842062
0.847148
0.853325
0.860061
0.866467
0.871443
0.873921
0.873108
0.868667
0.860917
0.850871
0.840126
0.830535
0.823704
0.820469
0.82066
0.823445
0.827913
0.833566
0.840349
0.848392
0.857636
0.867617
0.877479
0.886198
0.892863
0.896883
0.898034
0.896451
0.892521
0.886717
0.879462
0.87105
0.861579
0.851
0.83931
0.82682
0.814308
0.803052
0.794586
0.790284
0.790942
0.796527
0.806308
0.819092
0.833517
0.848162
0.861725
0.87311
0.881534
0.886607
0.888355
0.887174
0.883739
0.878841
0.873234
0.867489
0.861942
0.856715
0.851803
0.847237
0.843174
0.839954
0.837999
0.83768
0.839153
0.842283
0.846683
0.85189
0.857504
0.863252
0.869007
0.874755
0.880465
0.88605
0.891302
0.895925
0.899574
0.901916
0.902645
0.901477
0.898165
0.892563
0.884595
0.874276
0.861743
0.847263
0.831273
0.814471
0.797838
0.782683
0.770517
0.762811
0.760608
0.76416
0.772807
0.785139
0.799312
0.813508
0.82626
0.836644
0.844356
0.849659
0.853186
0.855675
0.85768
0.859393
0.860575
0.860748
0.859433
0.8563
0.851257
0.844395
0.835977
0.826376
0.816091
0.805777
0.796274
0.788642
0.784005
0.783326
0.787061
0.79488
0.805608
0.817505
0.828685
0.837594
0.8433
0.845528
0.844622
0.841361
0.836727
0.831695
0.827117
0.823642
0.821745
0.821745
0.823805
0.827964
0.834095
0.841858
0.850718
0.859971
0.868813
0.876449
0.882207
0.885663
0.886742
0.885699
0.883087
0.879675
0.876308
0.873633
0.871983
0.871221
0.870832
0.87015
0.86872
0.866602
0.864494
0.863615
0.865129
0.869522
0.876233
0.883826
0.890654
0.895426
0.89752
0.896955
0.89412
0.889481
0.883496
0.876512
0.868765
0.860445
0.851677
0.842568
0.833149
0.823412
0.813342
0.802944
0.792327
0.781775
0.77179
0.763069
0.756409
0.752617
0.752268
0.755652
0.762638
0.772714
0.785031
0.798585
0.812342
0.825349
0.836833
0.846229
0.853147
0.857358
0.858761
0.857347
0.853249
0.846815
0.838662
0.829714
0.821037
0.813597
0.808037
0.804607
0.803263
0.80386
0.806266
0.810332
0.815848
0.822436
0.829566
0.836578
0.842778
0.847508
0.850247
0.850679
0.848677
0.84433
0.837898
0.82977
0.820452
0.810537
0.800694
1.6487
1.64411
1.63592
1.62361
1.60652
1.58379
1.55435
1.51701
1.47064
1.41428
1.34747
1.27071
1.18587
1.09638
1.00714
0.92384
0.851855
0.795198
0.755923
0.734007
0.727766
0.734421
0.750696
0.773268
0.799137
0.825814
0.851374
0.874487
0.894375
0.910721
0.923508
0.932914
0.939111
0.942183
0.942108
0.938849
0.932474
0.923259
0.911787
0.898948
0.885823
0.873611
0.86357
0.856845
0.854294
0.856211
0.862147
0.870995
0.881315
0.891695
0.900962
0.908293
0.913168
0.915383
0.915029
0.912527
0.908568
0.90405
0.89991
0.896933
0.89564
0.89618
0.89836
0.901745
0.905792
0.909952
0.913743
0.916768
0.918707
0.919301
0.918328
0.915631
0.911125
0.904876
0.897208
0.888729
0.880332
0.872945
0.86723
0.863365
0.861004
0.859541
0.858431
0.857317
0.855975
0.854185
0.851652
0.848125
0.843626
0.838559
0.833653
0.829767
0.827644
0.827727
0.830085
0.834435
0.840242
0.846855
0.853569
0.85969
0.864581
0.86765
0.868452
0.866757
0.862667
0.856625
0.849374
0.841807
0.834812
0.829082
0.825027
0.822749
0.822137
0.822992
0.82509
0.828245
0.8323
0.837101
0.842428
0.847876
0.85283
0.856534
0.858328
0.85799
0.856006
0.853569
0.852355
0.853957
0.859344
0.868532
0.880566
0.893877
0.906715
0.917622
0.92571
0.930758
0.933117
0.933524
0.932828
0.931788
0.930876
0.930203
0.92957
0.928622
0.926931
0.92411
0.919939
0.914447
0.907923
0.900921
0.894118
0.888236
0.883758
0.88083
0.879202
0.878333
0.877659
0.876812
0.875751
0.874749
0.874266
0.874848
0.87694
0.880779
0.886301
0.893082
0.90039
0.907274
0.912703
0.915739
0.915678
0.91221
0.905597
0.896692
0.886809
0.877324
0.869257
0.862949
0.858094
0.85406
0.850345
0.846899
0.844194
0.843034
0.844222
0.848216
0.854817
0.863177
0.872004
0.879966
0.886001
0.889523
0.890451
0.889102
0.886055
0.881915
0.877219
0.872272
0.867226
0.862229
0.857486
0.853384
0.850511
0.849518
0.851022
0.855442
0.862844
0.872863
0.884728
0.897387
0.909679
0.920487
0.928904
0.934306
0.93634
0.934917
0.930216
0.922653
0.912884
0.901808
0.890421
0.879716
0.87054
0.863406
0.858452
0.855462
0.853966
0.853441
0.853448
0.853756
0.854322
0.855247
0.856703
0.858804
0.861539
0.864693
0.867904
0.870714
0.872687
0.873524
0.87311
0.871543
0.869135
0.866377
0.863813
0.861957
0.861185
0.861658
0.863288
0.86576
0.868587
0.871186
0.873051
0.873836
0.873418
0.871908
0.869588
0.866794
0.863819
0.860816
0.857846
0.854896
0.851962
0.849077
0.846308
0.843719
0.841354
0.839221
0.837347
0.835791
0.834707
0.834323
0.834918
0.836758
0.839946
0.844388
0.84977
0.855585
0.861295
0.866454
0.870802
0.87429
0.876995
0.879045
0.880569
0.881634
0.882305
0.882779
0.883432
0.884837
0.887545
0.89178
0.897259
0.903241
0.908808
0.913077
0.915346
0.915149
0.912114
0.905978
0.896634
0.884232
0.869373
0.853251
0.837636
0.824593
0.815998
0.812922
0.815297
0.821908
0.830819
0.839925
0.847395
0.85189
0.852703
0.849757
0.843536
0.834963
0.825262
0.815738
0.807536
0.801505
0.798085
0.797324
0.798954
0.802527
0.807475
0.813165
0.81899
0.824406
0.82904
0.8327
0.835382
0.837229
0.838449
0.839238
0.839697
0.839669
0.838713
0.836214
0.831622
0.82475
0.815912
0.805934
0.795977
0.787314
0.781043
0.77792
0.778236
0.781793
0.787961
0.795828
0.804356
0.812512
0.819442
0.824517
0.827407
0.828107
0.826964
0.824644
0.821991
0.819865
0.818989
0.819855
0.822719
0.827706
0.834814
0.843872
0.854577
0.866458
0.878892
0.891169
0.902555
0.912404
0.920224
0.925679
0.928613
0.928994
0.926927
0.922674
0.916682
0.909531
0.901893
0.894416
0.887542
0.881432
0.875935
0.870673
0.865229
0.859359
0.853092
0.84669
0.8405
0.834801
0.829643
0.824845
0.820099
0.815151
0.809994
0.804896
0.800432
0.797325
0.796214
0.797426
0.800885
0.806216
0.812953
0.820739
0.829405
0.839013
0.849709
0.861605
0.874674
0.888667
0.903128
0.917346
0.930489
0.941734
0.950383
0.956012
0.958564
0.958301
0.955699
0.951252
0.945294
0.93787
0.928756
0.917571
0.903954
0.887736
0.869167
0.849051
0.828774
0.810189
0.795267
0.78569
0.78238
0.785248
0.793271
0.804852
0.818261
0.831976
0.844855
0.856118
0.865229
0.871844
0.875853
0.877406
0.876936
0.875128
0.87277
0.870565
0.868906
0.867865
0.867189
0.866439
0.865159
0.863053
0.859995
0.856056
0.851413
0.846211
0.840502
0.83421
0.827223
0.819528
0.811315
0.803004
0.795248
0.788819
0.78446
0.782655
0.783528
0.786839
0.79207
0.798643
0.806077
0.814042
0.822318
0.830784
0.839298
0.847666
0.855627
0.862891
0.869127
0.87405
0.877396
0.878978
0.87868
0.876373
0.871953
0.865347
0.856561
0.845756
0.83324
0.819549
0.805423
0.791702
0.77919
0.768564
0.760293
0.754654
0.751755
0.751611
0.754182
0.759327
0.766755
0.77598
0.78632
0.796988
0.807192
0.816267
0.823769
0.829474
0.833293
0.83525
0.83535
0.833571
0.829903
0.824448
0.817474
0.809474
0.801124
0.793218
0.786509
0.781568
0.778716
0.778043
0.779453
0.782694
0.787455
0.793319
0.799684
0.805789
0.810808
0.814026
0.815005
0.81369
0.810379
0.80562
0.80011
0.794583
0.789751
0.786239
0.784497
0.784752
0.786946
0.790699
0.79542
0.800489
0.805472
0.810266
0.815072
0.820222
0.825949
0.832164
0.838495
0.844398
0.849319
0.852825
0.85469
0.854939
0.853814
0.85168
0.848893
0.845728
0.842338
0.838797
0.8351
0.831171
0.826848
0.821956
0.816337
0.809935
0.802795
0.79502
0.78681
0.778403
0.770056
0.761993
0.754369
0.747238
0.740636
0.734641
0.729383
0.72501
0.721627
0.719269
0.717876
0.717291
0.717311
0.7178
0.718736
0.720226
0.722419
0.725392
0.729087
0.73332
0.737812
0.742303
0.74665
0.750968
0.755597
0.761087
0.768007
0.776702
0.787106
0.798681
0.810485
0.821425
0.830479
0.836895
0.840245
0.840435
0.837659
0.832248
0.824646
0.815377
0.805042
0.794297
0.783832
0.774339
0.766412
0.760489
0.756736
0.755065
0.755191
0.756738
0.759325
0.762614
0.766347
0.770316
0.774386
0.778546
0.782908
0.787629
0.79279
0.79832
0.80392
0.80908
0.813179
0.815607
0.81591
0.813887
0.809663
0.80368
0.796567
0.789029
0.781713
0.775142
0.769634
0.765299
0.762054
0.75967
0.757825
0.75613
0.754198
0.751715
0.748481
0.744474
0.739874
0.735044
0.730449
0.726578
0.72385
0.72249
0.722534
0.723874
0.72642
0.730125
0.734994
0.741036
0.748142
0.756048
0.764362
0.772604
0.780359
0.787347
0.79351
0.798992
0.80413
0.809339
0.815006
0.821368
0.828416
0.83586
0.843186
0.84974
0.854887
0.858179
0.859448
0.858822
0.856751
0.853934
0.851217
0.849426
0.849247
0.851085
0.854977
0.860611
0.86742
0.874768
0.882067
0.888864
0.894846
0.89971
0.903121
0.904688
0.903997
0.900727
0.894719
0.886121
0.875432
0.863523
0.851517
0.840625
0.831903
0.825973
0.822859
0.822134
0.823181
0.825464
0.828597
0.832326
0.836327
0.840082
0.843025
0.844769
0.845246
0.844728
0.843735
0.842906
0.842787
0.843744
0.845899
0.849101
0.852987
0.857116
0.861154
0.864913
0.868395
0.871751
0.875225
0.87905
0.883399
0.888303
0.893643
0.899087
0.904168
0.908332
0.911005
0.911628
0.909719
0.905018
0.897566
0.887704
0.876179
0.864025
0.852385
0.842317
0.834538
0.829337
0.826569
0.825752
0.826267
0.827502
0.828994
0.830467
0.831899
0.833459
0.835441
0.838208
0.842062
0.847148
0.853325
0.860061
0.866467
0.871443
0.873921
0.873108
0.868667
0.860917
0.850871
0.840126
0.830535
0.823704
0.820469
0.82066
0.823445
0.827913
0.833566
0.840349
0.848392
0.857636
0.867617
0.877479
0.886198
0.892863
0.896883
0.898034
0.896451
0.892521
0.886717
0.879462
0.87105
0.861579
0.851
0.83931
0.82682
0.814308
0.803052
0.794586
0.790284
0.790942
0.796527
0.806308
0.819092
0.833517
0.848162
0.861725
0.87311
0.881534
0.886607
0.888355
0.887174
0.883739
0.878841
0.873234
0.867489
0.861942
0.856715
0.851803
0.847237
0.843174
0.839954
0.837999
0.83768
0.839153
0.842283
0.846683
0.85189
0.857504
0.863252
0.869007
0.874755
0.880465
0.88605
0.891302
0.895925
0.899574
0.901916
0.902645
0.901477
0.898165
0.892563
0.884595
0.874276
0.861743
0.847263
0.831273
0.814471
0.797838
0.782683
0.770517
0.762811
0.760608
0.76416
0.772807
0.785139
0.799312
0.813508
0.82626
0.836644
0.844356
0.849659
0.853186
0.855675
0.85768
0.859393
0.860575
0.860748
0.859433
0.8563
0.851257
0.844395
0.835977
0.826376
0.816091
0.805777
0.796274
0.788642
0.784005
0.783326
0.787061
0.79488
0.805608
0.817505
0.828685
0.837594
0.8433
0.845528
0.844622
0.841361
0.836727
0.831695
0.827117
0.823642
0.821745
0.821745
0.823805
0.827964
0.834095
0.841858
0.850718
0.859971
0.868813
0.876449
0.882207
0.885663
0.886742
0.885699
0.883087
0.879675
0.876308
0.873633
0.871983
0.871221
0.870832
0.87015
0.86872
0.866602
0.864494
0.863615
0.865129
0.869522
0.876233
0.883826
0.890654
0.895426
0.89752
0.896955
0.89412
0.889481
0.883496
0.876512
0.868765
0.860445
0.851677
0.842568
0.833149
0.823412
0.813342
0.802944
0.792327
0.781775
0.77179
0.763069
0.756409
0.752617
0.752268
0.755652
0.762638
0.772714
0.785031
0.798585
0.812342
0.825349
0.836833
0.846229
0.853147
0.857358
0.858761
0.857347
0.853249
0.846815
0.838662
0.829714
0.821037
0.813597
0.808037
0.804607
0.803263
0.80386
0.806266
0.810332
0.815848
0.822436
0.829566
0.836578
0.842778
0.847508
0.850247
0.850679
0.848677
0.84433
0.837898
0.82977
0.820452
0.810537
0.800694
