           1    -7.68886    -7.68886           0
           2    -7.58985    -7.63936   0.0350046
           3    -7.55314    -7.61062    0.033094
           4     -7.5112    -7.58576   0.0328542
           5    -7.58948    -7.58651   0.0262918
           6    -7.58761    -7.58669   0.0219105
           7    -7.61847    -7.59123    0.019245
           8    -7.57243    -7.58888   0.0169823
           9    -7.54036    -7.58349   0.0159279
          10    -7.54035    -7.57918   0.0149078
          11    -7.54051    -7.57566   0.0139607
          12    -7.52461    -7.57141   0.0134297
          13    -7.51199    -7.56684   0.0131515
          14    -7.57431    -7.56737    0.012223
          15    -7.60884    -7.57013   0.0117166
          16    -7.52499    -7.56731    0.011319
          17    -7.53182    -7.56523    0.010844
          18    -7.51075     -7.5622   0.0106556
          19    -7.53022    -7.56052   0.0102268
          20    -7.60395    -7.56269  0.00994338
          21    -7.58842    -7.56391   0.0095451
          22     -7.5452    -7.56306  0.00914907
          23    -7.56976    -7.56335  0.00875591
          24    -7.56323    -7.56335  0.00839109
          25    -7.61392    -7.56537  0.00829566
          26    -7.53149    -7.56407  0.00807831
          27    -7.58195    -7.56473  0.00780622
          28    -7.60302     -7.5661   0.0076463
          29    -7.51216    -7.56424  0.00760549
          30     -7.5579    -7.56403  0.00735491
          31    -7.51111    -7.56232  0.00731302
          32    -7.52978     -7.5613  0.00715482
          33    -7.54888    -7.56093   0.0069479
          34    -7.58423    -7.56161  0.00677726
          35     -7.5625    -7.56164  0.00658368
          36    -7.48999    -7.55965  0.00669486
          37    -7.58638    -7.56037   0.0065528
          38    -7.53894    -7.55981  0.00640458
          39    -7.55252    -7.55962  0.00624308
          40    -7.58349    -7.56022  0.00611546
          41    -7.48234    -7.55832  0.00625435
          42    -7.45358    -7.55582  0.00658385
          43    -7.56383    -7.55601  0.00643337
          44    -7.60023    -7.55701  0.00636517
          45    -7.54214    -7.55668   0.0062323
          46    -7.47748    -7.55496  0.00633018
          47    -7.47096    -7.55317  0.00644286
          48    -7.53587    -7.55281  0.00631872
          49    -7.60914    -7.55396  0.00629345
          50      -7.572    -7.55432  0.00617791
          51     -7.5915    -7.55505  0.00609963
          52    -7.57717    -7.55548  0.00599714
          53     -7.5423    -7.55523  0.00588914
          54    -7.54323    -7.55501  0.00578427
          55    -7.55392    -7.55499  0.00567914
          56    -7.49815    -7.55397  0.00566768
          57    -7.52466    -7.55346  0.00559154
          58     -7.5458    -7.55333  0.00549669
          59    -7.58017    -7.55378  0.00542232
          60    -7.56922    -7.55404  0.00533806
          61    -7.47685    -7.55277  0.00539842
          62    -7.55765    -7.55285  0.00531193
          63    -7.54002    -7.55265  0.00523151
          64    -7.53133    -7.55231  0.00516036
          65    -7.58411     -7.5528  0.00510411
          66    -7.53748    -7.55257  0.00503205
          67    -7.59052    -7.55314  0.00498872
          68    -7.54216    -7.55298  0.00491797
          69    -7.44873    -7.55147  0.00507345
          70    -7.54392    -7.55136  0.00500212
          71    -7.55155    -7.55136  0.00493167
          72    -7.58399    -7.55181  0.00488394
          73    -7.54962    -7.55178  0.00481713
          74    -7.57703    -7.55213   0.0047641
          75    -7.54718    -7.55206  0.00470104
          76    -7.59588    -7.55264  0.00467441
          77    -7.60386     -7.5533   0.0046608
          78    -7.56645    -7.55347  0.00460409
          79    -7.60421    -7.55411  0.00459039
          80    -7.54472    -7.55399  0.00453451
          81    -7.58793    -7.55441  0.00449784
          82    -7.55005    -7.55436  0.00444331
          83    -7.55767     -7.5544  0.00438995
          84    -7.59396    -7.55487  0.00436287
          85    -7.58702    -7.55525  0.00432791
          86    -7.58947    -7.55565  0.00429583
          87    -7.54205    -7.55549   0.0042493
          88    -7.53823    -7.55529  0.00420553
          89    -7.58155    -7.55559  0.00416861
          90     -7.5371    -7.55538  0.00412735
          91    -7.53568    -7.55517  0.00408767
          92    -7.54317    -7.55504  0.00404532
          93    -7.54519    -7.55493   0.0040032
          94    -7.54899    -7.55487  0.00396112
          95    -7.52193    -7.55452  0.00393456
          96    -7.54094    -7.55438  0.00389612
          97    -7.53872    -7.55422  0.00385929
          98    -7.53198    -7.55399  0.00382658
          99    -7.56938    -7.55415  0.00379108
         100    -7.55024    -7.55411  0.00375337
