           1     6.81157     6.81157           0
           2      7.3608     7.08619    0.194182
           3     7.56431     7.24556    0.183555
           4     7.79583     7.38313    0.182058
           5     7.36022     7.37855    0.145704
           6     7.36835     7.37685     0.12143
           7     7.19793     7.35129    0.106739
           8     7.44502       7.363   0.0940376
           9     7.63085     7.39277   0.0881727
          10      7.6311      7.4166   0.0825138
          11     7.63272     7.43625   0.0773163
          12     7.73232     7.46092   0.0747065
          13     7.78483     7.48584   0.0729966
          14     7.43414     7.48214   0.0678759
          15     7.23843      7.4659   0.0652664
          16     7.71351     7.48137   0.0629953
          17      7.6783     7.49296   0.0603454
          18     7.79808     7.50991    0.059326
          19     7.67896     7.51881   0.0568669
          20     7.27949     7.50684   0.0552682
          21     7.35783     7.49974   0.0530899
          22     7.60605     7.50458   0.0508961
          23     7.47294      7.5032   0.0487019
          24     7.50139     7.50312   0.0466727
          25     7.21936     7.49177   0.0461653
          26     7.67137     7.49868   0.0449035
          27     7.41302     7.49551   0.0433523
          28      7.2653     7.48729   0.0425766
          29     7.78215     7.49746   0.0423051
          30     7.55581      7.4994   0.0409396
          31     7.79458     7.50892   0.0407113
          32     7.68084     7.51429   0.0397919
          33     7.58843     7.51654   0.0386495
          34     7.38402     7.51264   0.0377088
          35     7.50253     7.51235   0.0366325
          36      7.9026     7.52319   0.0371842
          37      7.3768     7.51924   0.0363891
          38     7.63941      7.5224   0.0355687
          39      7.5565     7.52327   0.0346674
          40     7.38823      7.5199   0.0339647
          41     7.93559     7.53004   0.0346165
          42     8.11383     7.54394   0.0364763
          43      7.5074     7.54309   0.0356379
          44     7.30671     7.53772   0.0352306
          45     7.59558       7.539   0.0344711
          46     7.96577     7.54828   0.0349479
          47     8.00912     7.55808   0.0355532
          48     7.64765     7.55995   0.0348615
          49     7.25361      7.5537   0.0347061
          50     7.44708     7.55157   0.0340774
          51     7.34358     7.54749   0.0336524
          52     7.42687     7.54517   0.0330851
          53     7.59992      7.5462   0.0324769
          54     7.60188     7.54723   0.0318919
          55     7.52801     7.54688   0.0313139
          56     7.85906     7.55246    0.031247
          57     7.71874     7.55537   0.0308347
          58     7.59686     7.55609   0.0303114
          59     7.41238     7.55365   0.0298953
          60     7.45868     7.55207    0.029439
          61     7.98486     7.55917    0.029799
          62       7.531     7.55871   0.0293219
          63     7.63232     7.55988   0.0288797
          64     7.65993     7.56144   0.0284708
          65     7.38695     7.55876    0.028159
          66     7.64066        7.56   0.0277597
          67     7.34792     7.55683   0.0275253
          68     7.63511     7.55799   0.0271445
          69     8.13516     7.56635   0.0280103
          70     7.60968     7.56697    0.027617
          71     7.57365     7.56706   0.0272282
          72     7.38752     7.56457    0.026964
          73     7.57799     7.56475   0.0265953
          74     7.42153     7.56282   0.0263062
          75     7.58594     7.56313   0.0259573
          76     7.31257     7.55983   0.0258242
          77      7.2809     7.55621   0.0257417
          78     7.48975     7.55536   0.0254257
          79     7.27295     7.55178   0.0253539
          80     7.61471     7.55257   0.0250492
          81     7.37324     7.55035   0.0248376
          82     7.56888     7.55058   0.0245357
          83     7.53661     7.55041   0.0242407
          84     7.32134     7.54768    0.024105
          85     7.39244     7.54586   0.0238905
          86     7.35555     7.54364    0.023715
          87     7.62439     7.54457   0.0234606
          88     7.64855     7.54575   0.0232237
          89     7.40371     7.54416   0.0230175
          90     7.66468      7.5455   0.0228007
          91      7.6568     7.54672   0.0225829
          92     7.60501     7.54735   0.0223464
          93      7.5879     7.54779   0.0221103
          94     7.58096     7.54814   0.0218779
          95     7.73034     7.55006   0.0217315
          96     7.61386     7.55073   0.0215153
          97     7.64163     7.55166   0.0213139
          98      7.6726      7.5529   0.0211321
          99     7.44775     7.55183   0.0209453
         100     7.56903     7.55201   0.0207366
